label,0,1,2,3,4,5,6,7,8,9,10,11,12,13,14,15,16,17,18,19,20,21,22,23,24,25,26,27,28,29,30,31,32,33,34,35,36,37,38,39,40,41,42,43,44,45,46,47,48,49,50,51,52,53,54,55,56,57,58,59,60,61,62,63,64,65,66,67,68,69,70,71,72,73,74,75,76,77,78,79,80,81,82,83,84,85,86,87,88,89,90,91,92,93,94,95,96,97,98,99,100,101,102,103,104,105,106,107,108,109,110,111,112,113,114,115,116,117,118,119,120,121,122,123,124,125,126,127,128,129,130,131,132,133,134,135,136,137,138,139,140,141,142,143,144,145,146,147,148,149,150,151,152,153,154,155,156,157,158,159,160,161,162,163,164,165,166,167,168,169,170,171,172,173,174,175,176,177,178,179,180,181,182,183,184,185,186,187,188,189,190,191,192,193,194,195,196,197,198,199,200,201,202,203,204,205,206,207,208,209,210,211,212,213,214,215,216,217,218,219,220,221,222,223,224,225,226,227,228,229,230,231,232,233,234,235,236,237,238,239,240,241,242,243,244,245,246,247,248,249,250,251,252,253,254,255,256,257,258,259,260,261,262,263,264,265,266,267,268,269,270,271,272,273,274,275,276,277,278,279,280,281,282,283,284,285,286,287,288,289,290,291,292,293,294,295,296,297,298,299,300,301,302,303,304,305,306,307,308,309,310,311,312,313,314,315,316,317,318,319,320,321,322,323,324,325,326,327,328,329,330,331,332,333,334,335,336,337,338,339,340,341,342,343,344,345,346,347,348,349,350,351,352,353,354,355,356,357,358,359,360,361,362,363,364,365,366,367,368,369,370,371,372,373,374,375,376,377,378,379,380,381,382,383,384,385,386,387,388,389,390,391,392,393,394,395,396,397,398,399,400,401,402,403,404,405,406,407,408,409,410,411,412,413,414,415,416,417,418,419,420,421,422,423,424,425,426,427,428,429,430,431,432,433,434,435,436,437,438,439,440,441,442,443,444,445,446,447,448,449,450,451,452,453,454,455,456,457,458,459,460,461,462,463,464,465,466,467,468,469,470,471,472,473,474,475,476,477,478,479,480,481,482,483,484,485,486,487,488,489,490,491,492,493,494,495,496,497,498,499,500,501,502,503,504,505,506,507,508,509,510,511,512,513,514,515,516,517,518,519,520,521,522,523,524,525,526,527,528,529,530,531,532,533,534,535,536,537,538,539,540,541,542,543,544,545,546,547,548,549,550,551,552,553,554,555,556,557,558,559,560,561,562,563,564,565,566,567,568,569,570,571,572,573,574,575,576,577,578,579,580,581,582,583,584,585,586,587,588,589,590,591,592,593,594,595,596,597,598,599,600,601,602,603,604,605,606,607,608,609,610,611,612,613,614,615,616,617,618,619,620,621,622,623,624,625,626,627,628,629,630,631,632,633,634,635,636,637,638,639,640,641,642,643,644,645,646,647,648,649,650,651,652,653,654,655,656,657,658,659,660,661,662,663,664,665,666,667,668,669,670,671,672,673,674,675,676,677,678,679,680,681,682,683,684,685,686,687,688,689,690,691,692,693,694,695,696,697,698,699,700,701,702,703,704,705,706,707,708,709,710,711,712,713,714,715,716,717,718,719,720,721,722,723,724,725,726,727,728,729,730,731,732,733,734,735,736,737,738,739,740,741,742,743,744,745,746,747,748,749,750,751,752,753,754,755,756,757,758,759,760,761,762,763,764,765,766,767,768,769,770,771,772,773,774,775,776,777,778,779,780,781,782,783
0,0.69411767,0.68235296,0.6745098,0.65882355,0.6509804,0.6627451,0.6745098,0.6784314,0.6745098,0.7019608,0.7137255,0.69411767,0.6862745,0.69411767,0.69411767,0.6862745,0.6784314,0.69803923,0.7058824,0.69803923,0.6745098,0.68235296,0.6784314,0.6784314,0.7019608,0.70980394,0.7137255,0.75686276,0.5764706,0.5686275,0.5921569,0.57254905,0.5921569,0.61960787,0.67058825,0.69803923,0.7019608,0.73333335,0.73333335,0.72156864,0.7058824,0.69803923,0.6666667,0.67058825,0.64705884,0.64705884,0.6392157,0.6039216,0.60784316,0.6313726,0.6509804,0.64705884,0.6627451,0.6313726,0.62352943,0.6627451,0.4117647,0.4117647,0.41960785,0.4392157,0.47058824,0.47843137,0.49411765,0.49803922,0.47058824,0.44705883,0.4627451,0.4509804,0.45490196,0.47058824,0.4862745,0.4392157,0.4117647,0.4509804,0.49411765,0.49019608,0.45882353,0.47843137,0.56078434,0.58431375,0.5647059,0.56078434,0.5882353,0.627451,0.36078432,0.38039216,0.40392157,0.38039216,0.34509805,0.39607844,0.41960785,0.4627451,0.4,0.3882353,0.42352942,0.44313726,0.45490196,0.44313726,0.37254903,0.34901962,0.3764706,0.39215687,0.39215687,0.37254903,0.3647059,0.40392157,0.43529412,0.42745098,0.38431373,0.40392157,0.40784314,0.39215687,0.40784314,0.43529412,0.44313726,0.34509805,0.28235295,0.36078432,0.31764707,0.42745098,0.4392157,0.41960785,0.24313726,0.21176471,0.20784314,0.30588236,0.41960785,0.40392157,0.3882353,0.39215687,0.39215687,0.41960785,0.4,0.40784314,0.40784314,0.3647059,0.36862746,0.35686275,0.3372549,0.3372549,0.47843137,0.46666667,0.39607844,0.21960784,0.2,0.23529412,0.12156863,0.15294118,0.20392157,0.2784314,0.21176471,0.09019608,0.101960786,0.25490198,0.54509807,0.57254905,0.5529412,0.54509807,0.5372549,0.49019608,0.41568628,0.34901962,0.3019608,0.3372549,0.4117647,0.42745098,0.40392157,0.39607844,0.5411765,0.4627451,0.34509805,0.14901961,0.078431375,0.09803922,0.12941177,0.12941177,0.13333334,0.16078432,0.17254902,0.18431373,0.18431373,0.23137255,0.53333336,0.6039216,0.5686275,0.54509807,0.5176471,0.48235294,0.42352942,0.3647059,0.29411766,0.34117648,0.3882353,0.4,0.39215687,0.4392157,0.57254905,0.47058824,0.33333334,0.21176471,0.14117648,0.09019608,0.09803922,0.11764706,0.12156863,0.1764706,0.20392157,0.22745098,0.22745098,0.24705882,0.47058824,0.5803922,0.5686275,0.5568628,0.58431375,0.6117647,0.5764706,0.5254902,0.43137255,0.4117647,0.44313726,0.48235294,0.5137255,0.5764706,0.4862745,0.42745098,0.38039216,0.37254903,0.3254902,0.28235295,0.26666668,0.20392157,0.16078432,0.19607843,0.23137255,0.2509804,0.24705882,0.31764707,0.47843137,0.62352943,0.6392157,0.6117647,0.61960787,0.6,0.56078434,0.4627451,0.39215687,0.40392157,0.44313726,0.48235294,0.5058824,0.52156866,0.4,0.3647059,0.3647059,0.38039216,0.39215687,0.43529412,0.4627451,0.48235294,0.41568628,0.40784314,0.31764707,0.21176471,0.25882354,0.39215687,0.4862745,0.54901963,0.53333336,0.54901963,0.5647059,0.5137255,0.49411765,0.46666667,0.4627451,0.42745098,0.4627451,0.5882353,0.60784316,0.62352943,0.3647059,0.3137255,0.3254902,0.34117648,0.3882353,0.4509804,0.49803922,0.53333336,0.5372549,0.5019608,0.34509805,0.3372549,0.4627451,0.5254902,0.47058824,0.46666667,0.5058824,0.54509807,0.5647059,0.5372549,0.5019608,0.52156866,0.5568628,0.5568628,0.57254905,0.6392157,0.64705884,0.6627451,0.32941177,0.29803923,0.3019608,0.30588236,0.3647059,0.43137255,0.48235294,0.5529412,0.59607846,0.627451,0.5882353,0.5803922,0.6,0.58431375,0.49019608,0.4862745,0.54509807,0.5764706,0.65882355,0.69411767,0.64705884,0.6431373,0.63529414,0.59607846,0.5803922,0.6313726,0.6745098,0.6509804,0.2627451,0.24313726,0.2509804,0.28235295,0.3254902,0.3764706,0.41960785,0.5058824,0.6039216,0.6627451,0.7411765,0.72156864,0.7019608,0.6627451,0.6,0.5803922,0.59607846,0.6,0.6431373,0.72156864,0.72156864,0.67058825,0.5921569,0.5058824,0.49411765,0.5372549,0.5568628,0.5176471,0.24705882,0.23529412,0.25882354,0.28627452,0.32941177,0.39215687,0.45882353,0.5058824,0.5568628,0.62352943,0.6784314,0.6627451,0.6392157,0.6,0.5686275,0.56078434,0.5647059,0.5568628,0.59607846,0.6156863,0.5921569,0.52156866,0.43529412,0.41960785,0.43137255,0.4509804,0.46666667,0.41960785,0.20784314,0.19607843,0.19215687,0.21176471,0.24313726,0.2784314,0.34117648,0.40392157,0.42745098,0.46666667,0.5372549,0.5529412,0.53333336,0.53333336,0.4862745,0.46666667,0.49803922,0.5372549,0.5137255,0.5411765,0.50980395,0.4862745,0.4509804,0.43137255,0.41568628,0.41568628,0.40784314,0.39607844,0.2,0.2,0.17254902,0.17254902,0.2,0.23529412,0.2901961,0.36078432,0.38039216,0.41568628,0.47843137,0.4862745,0.45490196,0.43529412,0.41960785,0.4509804,0.49411765,0.54509807,0.54509807,0.5372549,0.5137255,0.4862745,0.4392157,0.4,0.38431373,0.40784314,0.43137255,0.4392157,0.14901961,0.16078432,0.16078432,0.16862746,0.17254902,0.21568628,0.3019608,0.37254903,0.40784314,0.4,0.42745098,0.45882353,0.4392157,0.43137255,0.40784314,0.4,0.4117647,0.44705883,0.49019608,0.4862745,0.4627451,0.43137255,0.43137255,0.40784314,0.4117647,0.43137255,0.4627451,0.4627451,0.11764706,0.1254902,0.12156863,0.13333334,0.16078432,0.21960784,0.25490198,0.30588236,0.34117648,0.39607844,0.4117647,0.3764706,0.39607844,0.42352942,0.40392157,0.3764706,0.38431373,0.42352942,0.4392157,0.44705883,0.4117647,0.3764706,0.3529412,0.3372549,0.3647059,0.38431373,0.38431373,0.38431373,0.078431375,0.09411765,0.09803922,0.105882354,0.12941177,0.18039216,0.25490198,0.29411766,0.32156864,0.3647059,0.4117647,0.41960785,0.38431373,0.36078432,0.3254902,0.30980393,0.32156864,0.34117648,0.34901962,0.36862746,0.3647059,0.3372549,0.32941177,0.34117648,0.34509805,0.3372549,0.32156864,0.3137255,0.06666667,0.0627451,0.07058824,0.078431375,0.09019608,0.12156863,0.1882353,0.23137255,0.27058825,0.3019608,0.34117648,0.36078432,0.34117648,0.34117648,0.3019608,0.3019608,0.28235295,0.29411766,0.3019608,0.3137255,0.32941177,0.29411766,0.2784314,0.25490198,0.25882354,0.27450982,0.2509804,0.22745098,0.050980393,0.050980393,0.05490196,0.05882353,0.07058824,0.09803922,0.12941177,0.15686275,0.1882353,0.21568628,0.24705882,0.23529412,0.23921569,0.27058825,0.27058825,0.2901961,0.2901961,0.27450982,0.28627452,0.3019608,0.29803923,0.28235295,0.24705882,0.21568628,0.22352941,0.21176471,0.20784314,0.19607843,0.05882353,0.047058824,0.050980393,0.050980393,0.05882353,0.09019608,0.11372549,0.14117648,0.16078432,0.20784314,0.22352941,0.21176471,0.20392157,0.23137255,0.23137255,0.23529412,0.26666668,0.32941177,0.35686275,0.32941177,0.28235295,0.2627451,0.23921569,0.22352941,0.21176471,0.19607843,0.22745098,0.22352941,0.050980393,0.043137256,0.047058824,0.050980393,0.050980393,0.07450981,0.09411765,0.10980392,0.13725491,0.1764706,0.18431373,0.18039216,0.18431373,0.20392157,0.2,0.22352941,0.24705882,0.25490198,0.2784314,0.29411766,0.26666668,0.25882354,0.25882354,0.24705882,0.23529412,0.24705882,0.24313726,0.21960784,0.047058824,0.047058824,0.043137256,0.043137256,0.050980393,0.06666667,0.078431375,0.09411765,0.101960786,0.11764706,0.13725491,0.15686275,0.15686275,0.16078432,0.15686275,0.18039216,0.2,0.20784314,0.23529412,0.25882354,0.28627452,0.32156864,0.32941177,0.28627452,0.23529412,0.21568628,0.2,0.18039216,0.050980393,0.047058824,0.047058824,0.047058824,0.050980393,0.05882353,0.08235294,0.09019608,0.09411765,0.09803922,0.10980392,0.1254902,0.12941177,0.12156863,0.14117648,0.16862746,0.1764706,0.16862746,0.18431373,0.24313726,0.2901961,0.2901961,0.28627452,0.27058825,0.21568628,0.18039216,0.15294118,0.14901961,0.039215688,0.039215688,0.043137256,0.039215688,0.047058824,0.05882353,0.09019608,0.09803922,0.105882354,0.105882354,0.105882354,0.11372549,0.101960786,0.11372549,0.14117648,0.15686275,0.14509805,0.15686275,0.20784314,0.24313726,0.23921569,0.21176471,0.1882353,0.17254902,0.16862746,0.14117648,0.1254902,0.1254902,0.043137256,0.039215688,0.03137255,0.039215688,0.043137256,0.043137256,0.0627451,0.078431375,0.09019608,0.101960786,0.105882354,0.11372549,0.10980392,0.10980392,0.1254902,0.14509805,0.14509805,0.14901961,0.16862746,0.15686275,0.14901961,0.13725491,0.11764706,0.101960786,0.10980392,0.10980392,0.11764706,0.12156863,0.047058824,0.03529412,0.03529412,0.047058824,0.047058824,0.047058824,0.0627451,0.06666667,0.07058824,0.09411765,0.08627451,0.09803922,0.105882354,0.10980392,0.11764706,0.12941177,0.16078432,0.14509805,0.12941177,0.11764706,0.10980392,0.10980392,0.105882354,0.08627451,0.09019608,0.105882354,0.1254902,0.12941177
1,0.4627451,0.48235294,0.49411765,0.49019608,0.49803922,0.49411765,0.47058824,0.45882353,0.4392157,0.40784314,0.4117647,0.3882353,0.36862746,0.38039216,0.40784314,0.43529412,0.43529412,0.43529412,0.39215687,0.40392157,0.39215687,0.33333334,0.34901962,0.36862746,0.4117647,0.42745098,0.40784314,0.38431373,0.43137255,0.49019608,0.5411765,0.54901963,0.5372549,0.5137255,0.47058824,0.43529412,0.37254903,0.3372549,0.34509805,0.29803923,0.2509804,0.23529412,0.27450982,0.32156864,0.35686275,0.34901962,0.30588236,0.31764707,0.3019608,0.18039216,0.20392157,0.25490198,0.38039216,0.48235294,0.50980395,0.49019608,0.41960785,0.49411765,0.49803922,0.49411765,0.47843137,0.49019608,0.49411765,0.4392157,0.3882353,0.35686275,0.39215687,0.38039216,0.26666668,0.18039216,0.22352941,0.3254902,0.38039216,0.34901962,0.3019608,0.27450982,0.19215687,0.15686275,0.2784314,0.37254903,0.44705883,0.46666667,0.45882353,0.46666667,0.49411765,0.5058824,0.5058824,0.5254902,0.47843137,0.50980395,0.46666667,0.43529412,0.42352942,0.42352942,0.4392157,0.3647059,0.2627451,0.17254902,0.2,0.33333334,0.37254903,0.3372549,0.34117648,0.38039216,0.31764707,0.2901961,0.2901961,0.4,0.50980395,0.5294118,0.5372549,0.47843137,0.49803922,0.49019608,0.5137255,0.54509807,0.4862745,0.47843137,0.41960785,0.39607844,0.39215687,0.39607844,0.38039216,0.3137255,0.2784314,0.24705882,0.30980393,0.41960785,0.4627451,0.4745098,0.45490196,0.43529412,0.38431373,0.28235295,0.29411766,0.3764706,0.45882353,0.47058824,0.4862745,0.3882353,0.4745098,0.46666667,0.49411765,0.5254902,0.47843137,0.5019608,0.44705883,0.38431373,0.38431373,0.3764706,0.34117648,0.25882354,0.21960784,0.26666668,0.3529412,0.45490196,0.49803922,0.47843137,0.40784314,0.4,0.36078432,0.26666668,0.23529412,0.3372549,0.4117647,0.44313726,0.43137255,0.3372549,0.42745098,0.39215687,0.39607844,0.45490196,0.43529412,0.46666667,0.40784314,0.3137255,0.33333334,0.36078432,0.32941177,0.27058825,0.2627451,0.26666668,0.32156864,0.47843137,0.52156866,0.4862745,0.44705883,0.43137255,0.34901962,0.2509804,0.19607843,0.27058825,0.35686275,0.39607844,0.40392157,0.3254902,0.3764706,0.3764706,0.3882353,0.42745098,0.41960785,0.42745098,0.38431373,0.24705882,0.21568628,0.22352941,0.22352941,0.19215687,0.22352941,0.27058825,0.30588236,0.43137255,0.47058824,0.45882353,0.43529412,0.43529412,0.38431373,0.29411766,0.27450982,0.23529412,0.2509804,0.28627452,0.30980393,0.25882354,0.25882354,0.2784314,0.3254902,0.37254903,0.38039216,0.3529412,0.3529412,0.32156864,0.30588236,0.2627451,0.24313726,0.2,0.20784314,0.29803923,0.2784314,0.39607844,0.40784314,0.4392157,0.45490196,0.4745098,0.42745098,0.3019608,0.23921569,0.24705882,0.3372549,0.3764706,0.29803923,0.26666668,0.22352941,0.25490198,0.2627451,0.2901961,0.34901962,0.32156864,0.3372549,0.34509805,0.34117648,0.32156864,0.2509804,0.21176471,0.19607843,0.24705882,0.30588236,0.39607844,0.36862746,0.35686275,0.31764707,0.3254902,0.32941177,0.24313726,0.22745098,0.23137255,0.29411766,0.30588236,0.28627452,0.24313726,0.16078432,0.21960784,0.22745098,0.27058825,0.30588236,0.29803923,0.28627452,0.27450982,0.28627452,0.25490198,0.20784314,0.14117648,0.105882354,0.16470589,0.22745098,0.34117648,0.30980393,0.29411766,0.33333334,0.35686275,0.31764707,0.22745098,0.21176471,0.23529412,0.26666668,0.21960784,0.23137255,0.19215687,0.14117648,0.16862746,0.20392157,0.28235295,0.2509804,0.22745098,0.22745098,0.23529412,0.24705882,0.21960784,0.19607843,0.105882354,0.07450981,0.105882354,0.16470589,0.29411766,0.2901961,0.23529412,0.24313726,0.24705882,0.22745098,0.19215687,0.1882353,0.16078432,0.15294118,0.15294118,0.14901961,0.13725491,0.11372549,0.14901961,0.18039216,0.20784314,0.19607843,0.1764706,0.18039216,0.13725491,0.11764706,0.14117648,0.15686275,0.11764706,0.09019608,0.078431375,0.10980392,0.20784314,0.21176471,0.19215687,0.18039216,0.21568628,0.26666668,0.24313726,0.20784314,0.1882353,0.16470589,0.15294118,0.13333334,0.105882354,0.05882353,0.08235294,0.10980392,0.15686275,0.15294118,0.10980392,0.105882354,0.08627451,0.06666667,0.08627451,0.09019608,0.05490196,0.03529412,0.02745098,0.050980393,0.12941177,0.13333334,0.11372549,0.105882354,0.12941177,0.16470589,0.15686275,0.1764706,0.1764706,0.14509805,0.101960786,0.07450981,0.0627451,0.019607844,0.03137255,0.043137256,0.06666667,0.06666667,0.0627451,0.07058824,0.0627451,0.039215688,0.03529412,0.043137256,0.023529412,0.007843138,0.007843138,0.039215688,0.08627451,0.09803922,0.101960786,0.10980392,0.11372549,0.11764706,0.11764706,0.11372549,0.11372549,0.08627451,0.0627451,0.03529412,0.02745098,0.011764706,0.015686275,0.02745098,0.039215688,0.03529412,0.02745098,0.03529412,0.03529412,0.023529412,0.023529412,0.015686275,0.011764706,0.007843138,0.019607844,0.07450981,0.09019608,0.101960786,0.1254902,0.12941177,0.1254902,0.12156863,0.12156863,0.12941177,0.1254902,0.101960786,0.08235294,0.03529412,0.03529412,0.007843138,0.011764706,0.015686275,0.019607844,0.019607844,0.019607844,0.019607844,0.019607844,0.019607844,0.023529412,0.015686275,0.011764706,0.011764706,0.03137255,0.078431375,0.09411765,0.07450981,0.050980393,0.050980393,0.047058824,0.043137256,0.043137256,0.0627451,0.0627451,0.05490196,0.05490196,0.015686275,0.011764706,0.007843138,0.011764706,0.011764706,0.011764706,0.011764706,0.015686275,0.015686275,0.019607844,0.023529412,0.03529412,0.039215688,0.03529412,0.03529412,0.05882353,0.12156863,0.14509805,0.101960786,0.047058824,0.02745098,0.023529412,0.023529412,0.023529412,0.03137255,0.03137255,0.02745098,0.023529412,0.015686275,0.011764706,0.011764706,0.011764706,0.007843138,0.011764706,0.011764706,0.011764706,0.015686275,0.019607844,0.03137255,0.06666667,0.078431375,0.0627451,0.050980393,0.050980393,0.05882353,0.06666667,0.050980393,0.02745098,0.019607844,0.019607844,0.019607844,0.015686275,0.023529412,0.023529412,0.023529412,0.015686275,0.019607844,0.019607844,0.011764706,0.011764706,0.011764706,0.011764706,0.011764706,0.015686275,0.019607844,0.023529412,0.02745098,0.03137255,0.039215688,0.039215688,0.03137255,0.03529412,0.047058824,0.047058824,0.03529412,0.023529412,0.019607844,0.015686275,0.019607844,0.015686275,0.019607844,0.019607844,0.019607844,0.015686275,0.015686275,0.019607844,0.015686275,0.019607844,0.015686275,0.015686275,0.015686275,0.019607844,0.019607844,0.023529412,0.019607844,0.023529412,0.02745098,0.02745098,0.03137255,0.039215688,0.03529412,0.03137255,0.02745098,0.019607844,0.015686275,0.015686275,0.019607844,0.015686275,0.019607844,0.019607844,0.019607844,0.019607844,0.019607844,0.02745098,0.015686275,0.019607844,0.023529412,0.019607844,0.023529412,0.023529412,0.023529412,0.023529412,0.023529412,0.02745098,0.02745098,0.023529412,0.03137255,0.03137255,0.03529412,0.03137255,0.023529412,0.023529412,0.023529412,0.023529412,0.023529412,0.023529412,0.02745098,0.023529412,0.023529412,0.02745098,0.03137255,0.023529412,0.02745098,0.023529412,0.02745098,0.02745098,0.03137255,0.02745098,0.02745098,0.02745098,0.02745098,0.03529412,0.03137255,0.03137255,0.03529412,0.03137255,0.03529412,0.03137255,0.03137255,0.03137255,0.02745098,0.03137255,0.03137255,0.02745098,0.02745098,0.03137255,0.03137255,0.03137255,0.03137255,0.03137255,0.039215688,0.03529412,0.03529412,0.039215688,0.039215688,0.039215688,0.03529412,0.03137255,0.03529412,0.039215688,0.03529412,0.039215688,0.039215688,0.03529412,0.043137256,0.039215688,0.03529412,0.03529412,0.03529412,0.039215688,0.03529412,0.03529412,0.03529412,0.03529412,0.03529412,0.03529412,0.03529412,0.03529412,0.043137256,0.039215688,0.047058824,0.043137256,0.043137256,0.043137256,0.043137256,0.043137256,0.039215688,0.043137256,0.043137256,0.047058824,0.047058824,0.043137256,0.047058824,0.047058824,0.039215688,0.03529412,0.043137256,0.043137256,0.039215688,0.039215688,0.043137256,0.043137256,0.039215688,0.043137256,0.039215688,0.043137256,0.050980393,0.050980393,0.050980393,0.050980393,0.050980393,0.050980393,0.050980393,0.050980393,0.043137256,0.050980393,0.050980393,0.050980393,0.05490196,0.05490196,0.050980393,0.050980393,0.050980393,0.050980393,0.047058824,0.047058824,0.050980393,0.047058824,0.047058824,0.050980393,0.047058824,0.050980393,0.050980393,0.047058824,0.050980393,0.05490196,0.05490196,0.050980393,0.050980393,0.05490196,0.050980393,0.05490196,0.05490196,0.05490196,0.050980393,0.05882353,0.0627451,0.05882353,0.050980393,0.05490196,0.050980393,0.05490196,0.05490196,0.05882353,0.05882353,0.05490196,0.050980393,0.05490196,0.05490196,0.05490196,0.05490196,0.050980393,0.050980393,0.05490196,0.0627451,0.0627451,0.05882353,0.05490196,0.05490196,0.05490196,0.05490196,0.05490196,0.05490196,0.050980393,0.05490196,0.05882353,0.050980393,0.050980393,0.047058824,0.05490196,0.050980393,0.05882353,0.0627451,0.0627451,0.05490196,0.05490196,0.05490196,0.05490196,0.05490196,0.05490196
1,0.7294118,0.70980394,0.7058824,0.68235296,0.6666667,0.69411767,0.7294118,0.7294118,0.69803923,0.69411767,0.7137255,0.654902,0.69803923,0.7254902,0.7294118,0.7490196,0.78431374,0.7607843,0.7254902,0.70980394,0.7529412,0.74509805,0.7529412,0.7411765,0.75686276,0.7254902,0.7058824,0.78431374,0.54901963,0.5254902,0.52156866,0.49803922,0.49803922,0.5176471,0.5294118,0.5176471,0.5294118,0.52156866,0.5294118,0.5058824,0.52156866,0.52156866,0.5294118,0.5411765,0.5568628,0.5568628,0.54901963,0.5254902,0.54901963,0.53333336,0.5529412,0.5568628,0.54901963,0.5568628,0.5529412,0.5686275,0.6117647,0.5647059,0.5019608,0.49019608,0.49019608,0.48235294,0.49019608,0.4862745,0.5058824,0.5411765,0.5568628,0.54509807,0.5137255,0.50980395,0.50980395,0.5058824,0.49803922,0.4862745,0.49019608,0.49411765,0.5058824,0.5019608,0.52156866,0.5294118,0.5137255,0.52156866,0.5176471,0.5294118,0.7372549,0.76862746,0.69411767,0.68235296,0.7058824,0.6784314,0.6627451,0.6745098,0.6862745,0.6862745,0.7019608,0.72156864,0.72156864,0.73333335,0.7411765,0.72156864,0.69411767,0.654902,0.6509804,0.6627451,0.654902,0.6627451,0.6862745,0.7176471,0.68235296,0.7372549,0.6313726,0.56078434,0.69803923,0.7294118,0.6745098,0.69803923,0.7294118,0.6509804,0.59607846,0.69411767,0.7764706,0.7372549,0.7254902,0.6666667,0.58431375,0.6039216,0.6431373,0.6784314,0.75686276,0.7647059,0.7411765,0.74509805,0.78039217,0.7921569,0.79607844,0.827451,0.8117647,0.7176471,0.58431375,0.5176471,0.7019608,0.7058824,0.6784314,0.7019608,0.7019608,0.68235296,0.7137255,0.7490196,0.7647059,0.7607843,0.7254902,0.6901961,0.7019608,0.7137255,0.69411767,0.74509805,0.7607843,0.78431374,0.80784315,0.7411765,0.7529412,0.7921569,0.7607843,0.78431374,0.76862746,0.73333335,0.6784314,0.58431375,0.59607846,0.61960787,0.5686275,0.5882353,0.654902,0.7058824,0.69411767,0.6392157,0.6666667,0.73333335,0.64705884,0.5529412,0.6039216,0.73333335,0.7490196,0.6784314,0.57254905,0.63529414,0.7607843,0.7372549,0.7254902,0.7137255,0.7019608,0.67058825,0.72156864,0.69803923,0.6117647,0.5686275,0.54901963,0.5647059,0.5764706,0.6392157,0.65882355,0.6666667,0.6313726,0.5294118,0.49411765,0.6117647,0.5647059,0.57254905,0.60784316,0.69411767,0.74509805,0.7019608,0.6117647,0.6509804,0.70980394,0.70980394,0.6862745,0.6901961,0.6666667,0.5882353,0.58431375,0.5921569,0.63529414,0.5647059,0.4745098,0.49411765,0.5176471,0.5803922,0.62352943,0.59607846,0.5686275,0.5568628,0.54901963,0.5058824,0.5019608,0.62352943,0.6392157,0.6627451,0.6666667,0.654902,0.5803922,0.61960787,0.6627451,0.58431375,0.6,0.62352943,0.654902,0.6745098,0.5803922,0.5803922,0.6666667,0.6039216,0.39607844,0.44705883,0.4745098,0.5176471,0.5411765,0.52156866,0.5529412,0.53333336,0.5529412,0.5137255,0.5058824,0.61960787,0.6509804,0.5921569,0.49411765,0.5764706,0.6313726,0.5568628,0.5372549,0.49803922,0.5294118,0.52156866,0.5411765,0.5294118,0.5019608,0.49411765,0.5647059,0.5529412,0.35686275,0.41568628,0.44705883,0.45882353,0.44313726,0.42745098,0.48235294,0.49019608,0.49411765,0.47058824,0.4627451,0.5137255,0.5921569,0.5529412,0.42352942,0.4627451,0.52156866,0.47843137,0.4627451,0.49019608,0.44313726,0.42745098,0.45490196,0.45882353,0.48235294,0.43529412,0.45882353,0.47058824,0.3137255,0.3882353,0.4,0.4117647,0.41568628,0.42745098,0.43137255,0.46666667,0.4745098,0.40392157,0.3882353,0.44705883,0.49803922,0.48235294,0.41568628,0.4392157,0.4627451,0.41960785,0.37254903,0.38431373,0.34901962,0.32941177,0.35686275,0.39215687,0.4509804,0.40784314,0.41568628,0.42745098,0.2509804,0.29411766,0.31764707,0.37254903,0.40784314,0.40784314,0.40784314,0.43137255,0.42745098,0.38431373,0.40784314,0.43137255,0.42745098,0.40784314,0.34901962,0.33333334,0.35686275,0.36078432,0.36862746,0.36862746,0.3137255,0.3019608,0.35686275,0.41568628,0.43529412,0.4117647,0.40784314,0.4117647,0.1764706,0.2,0.22745098,0.2509804,0.28235295,0.30588236,0.30980393,0.3254902,0.3372549,0.34117648,0.36862746,0.40392157,0.4,0.38039216,0.34117648,0.33333334,0.34117648,0.29803923,0.3019608,0.32941177,0.3137255,0.30980393,0.34901962,0.38039216,0.3764706,0.3254902,0.3137255,0.33333334,0.14509805,0.15686275,0.1764706,0.19607843,0.21960784,0.22745098,0.21176471,0.20784314,0.21568628,0.23921569,0.2509804,0.26666668,0.2627451,0.2784314,0.25882354,0.22745098,0.23529412,0.2,0.1882353,0.23137255,0.23921569,0.23137255,0.24705882,0.27058825,0.27450982,0.2627451,0.2627451,0.2784314,0.17254902,0.16470589,0.17254902,0.1764706,0.27058825,0.42352942,0.4117647,0.36862746,0.2901961,0.37254903,0.40784314,0.39607844,0.4,0.4,0.28627452,0.21176471,0.2509804,0.21176471,0.21568628,0.26666668,0.27058825,0.2627451,0.23921569,0.23529412,0.2509804,0.25882354,0.22745098,0.20392157,0.16078432,0.18431373,0.20784314,0.21176471,0.2627451,0.3254902,0.30980393,0.24705882,0.18039216,0.21960784,0.22352941,0.2509804,0.26666668,0.26666668,0.22745098,0.20784314,0.24705882,0.2627451,0.2627451,0.25882354,0.23529412,0.21176471,0.18039216,0.18431373,0.19607843,0.2,0.14901961,0.12156863,0.078431375,0.09019608,0.09411765,0.101960786,0.13725491,0.19215687,0.2,0.17254902,0.1254902,0.101960786,0.101960786,0.105882354,0.14509805,0.16862746,0.20784314,0.23529412,0.24313726,0.20784314,0.16470589,0.13725491,0.11372549,0.09019608,0.08627451,0.10980392,0.101960786,0.09019608,0.08235294,0.07450981,0.050980393,0.05882353,0.047058824,0.05490196,0.078431375,0.11764706,0.16470589,0.15294118,0.101960786,0.07450981,0.07058824,0.105882354,0.14509805,0.16862746,0.17254902,0.17254902,0.15294118,0.1254902,0.08235294,0.0627451,0.05490196,0.047058824,0.05490196,0.07058824,0.07450981,0.09019608,0.08627451,0.07450981,0.0627451,0.0627451,0.05882353,0.05882353,0.08235294,0.09803922,0.11372549,0.11372549,0.09803922,0.08235294,0.07450981,0.11372549,0.12156863,0.11372549,0.10980392,0.101960786,0.101960786,0.078431375,0.05490196,0.05490196,0.0627451,0.078431375,0.09803922,0.12156863,0.12156863,0.13333334,0.12156863,0.09411765,0.101960786,0.11372549,0.1254902,0.15294118,0.21568628,0.23529412,0.23529412,0.1882353,0.14509805,0.1254902,0.1254902,0.15294118,0.14901961,0.13725491,0.14901961,0.19607843,0.21176471,0.21568628,0.14509805,0.1254902,0.12156863,0.12156863,0.105882354,0.09411765,0.09019608,0.08627451,0.09803922,0.105882354,0.11764706,0.12156863,0.12941177,0.15294118,0.19607843,0.21176471,0.23529412,0.21176471,0.18431373,0.16078432,0.18039216,0.24313726,0.2627451,0.25490198,0.2627451,0.28627452,0.25882354,0.19607843,0.13725491,0.12941177,0.12156863,0.09803922,0.09411765,0.09411765,0.101960786,0.12941177,0.15686275,0.14117648,0.10980392,0.11372549,0.1254902,0.14901961,0.16862746,0.1882353,0.19607843,0.17254902,0.14509805,0.12941177,0.14509805,0.18039216,0.19607843,0.18431373,0.1764706,0.20392157,0.25490198,0.23529412,0.1764706,0.15294118,0.13333334,0.1254902,0.11372549,0.10980392,0.10980392,0.101960786,0.101960786,0.09019608,0.12156863,0.12156863,0.12941177,0.16078432,0.19607843,0.21176471,0.19607843,0.16470589,0.14901961,0.12941177,0.12941177,0.15294118,0.16078432,0.16078432,0.1882353,0.22745098,0.27450982,0.27058825,0.18431373,0.12156863,0.09803922,0.08235294,0.07450981,0.08235294,0.101960786,0.105882354,0.11764706,0.12941177,0.13333334,0.13725491,0.13333334,0.16862746,0.20392157,0.18431373,0.16078432,0.15294118,0.13725491,0.12941177,0.14117648,0.15294118,0.16470589,0.18431373,0.20392157,0.21960784,0.21568628,0.20392157,0.14117648,0.09803922,0.09019608,0.08627451,0.09019608,0.09411765,0.101960786,0.09803922,0.101960786,0.105882354,0.11764706,0.1254902,0.12941177,0.16078432,0.19215687,0.2,0.16470589,0.16470589,0.15294118,0.14117648,0.15294118,0.16078432,0.15686275,0.14901961,0.14117648,0.13725491,0.13333334,0.12156863,0.09019608,0.078431375,0.078431375,0.07450981,0.078431375,0.07450981,0.078431375,0.078431375,0.08627451,0.08627451,0.11764706,0.1254902,0.13725491,0.15686275,0.19215687,0.21960784,0.21960784,0.20784314,0.17254902,0.15686275,0.16862746,0.14509805,0.12156863,0.11372549,0.10980392,0.105882354,0.101960786,0.09411765,0.08627451,0.078431375,0.07450981,0.07450981,0.07058824,0.07058824,0.078431375,0.078431375,0.078431375,0.08235294,0.10980392,0.11764706,0.13725491,0.16862746,0.20784314,0.21176471,0.20392157,0.18039216,0.15686275,0.15686275,0.16470589,0.14117648,0.11764706,0.105882354,0.09411765,0.09803922,0.105882354,0.09803922,0.08235294,0.07058824,0.07450981,0.07058824,0.06666667,0.06666667,0.08235294,0.08627451,0.078431375,0.078431375
0,0.6745098,0.6431373,0.64705884,0.65882355,0.6862745,0.67058825,0.6901961,0.67058825,0.68235296,0.7137255,0.69803923,0.68235296,0.7019608,0.72156864,0.7294118,0.72156864,0.72156864,0.70980394,0.6862745,0.69411767,0.69803923,0.7019608,0.70980394,0.7176471,0.69411767,0.6666667,0.65882355,0.6627451,0.627451,0.5803922,0.5882353,0.68235296,0.6666667,0.58431375,0.62352943,0.60784316,0.5647059,0.59607846,0.62352943,0.627451,0.65882355,0.654902,0.61960787,0.65882355,0.6745098,0.67058825,0.627451,0.60784316,0.63529414,0.6156863,0.58431375,0.54901963,0.53333336,0.5019608,0.5019608,0.5176471,0.5372549,0.54901963,0.54509807,0.5686275,0.5568628,0.52156866,0.57254905,0.6117647,0.67058825,0.69411767,0.7058824,0.7137255,0.73333335,0.74509805,0.67058825,0.627451,0.5882353,0.5686275,0.5529412,0.5803922,0.58431375,0.5647059,0.5529412,0.57254905,0.5568628,0.58431375,0.5529412,0.5019608,0.60784316,0.54901963,0.54509807,0.54509807,0.53333336,0.5294118,0.5764706,0.60784316,0.6156863,0.6784314,0.68235296,0.7137255,0.75686276,0.7647059,0.7607843,0.6666667,0.6,0.6039216,0.6039216,0.5372549,0.57254905,0.627451,0.58431375,0.5764706,0.59607846,0.5882353,0.5176471,0.49019608,0.64705884,0.64705884,0.69803923,0.63529414,0.53333336,0.54901963,0.5372549,0.5686275,0.6,0.65882355,0.7490196,0.8117647,0.7294118,0.5921569,0.62352943,0.65882355,0.7058824,0.67058825,0.62352943,0.5764706,0.6509804,0.6784314,0.65882355,0.62352943,0.60784316,0.5764706,0.54901963,0.53333336,0.57254905,0.60784316,0.54901963,0.61960787,0.6313726,0.6392157,0.6313726,0.6117647,0.6156863,0.73333335,0.8117647,0.7058824,0.5137255,0.44705883,0.46666667,0.4862745,0.67058825,0.6901961,0.63529414,0.5568628,0.5803922,0.654902,0.68235296,0.68235296,0.64705884,0.64705884,0.6313726,0.59607846,0.5764706,0.60784316,0.6392157,0.63529414,0.7490196,0.70980394,0.7411765,0.70980394,0.68235296,0.6862745,0.5803922,0.4745098,0.43137255,0.4,0.39607844,0.3882353,0.47058824,0.57254905,0.62352943,0.5176471,0.54509807,0.6431373,0.6901961,0.76862746,0.6862745,0.6392157,0.6313726,0.6313726,0.5529412,0.54509807,0.57254905,0.6,0.73333335,0.6627451,0.5529412,0.59607846,0.6392157,0.6392157,0.627451,0.50980395,0.41960785,0.35686275,0.33333334,0.2784314,0.33333334,0.4,0.45490196,0.40784314,0.42745098,0.59607846,0.68235296,0.73333335,0.654902,0.5882353,0.5764706,0.5568628,0.49803922,0.41568628,0.47058824,0.5137255,0.59607846,0.5882353,0.5411765,0.5882353,0.63529414,0.62352943,0.5882353,0.38039216,0.2784314,0.2784314,0.2784314,0.26666668,0.34117648,0.28627452,0.27450982,0.23921569,0.2509804,0.36078432,0.5058824,0.60784316,0.5647059,0.5764706,0.5686275,0.5686275,0.3882353,0.34509805,0.3647059,0.44705883,0.4392157,0.4392157,0.4509804,0.5882353,0.6313726,0.60784316,0.5568628,0.3764706,0.24705882,0.24705882,0.2784314,0.21568628,0.2509804,0.21176471,0.19607843,0.18431373,0.19215687,0.24705882,0.3529412,0.4745098,0.5529412,0.6509804,0.67058825,0.60784316,0.30980393,0.29803923,0.30980393,0.34901962,0.38039216,0.28627452,0.2509804,0.3372549,0.4117647,0.37254903,0.32941177,0.23137255,0.18039216,0.23921569,0.24705882,0.1882353,0.16078432,0.15294118,0.14117648,0.15294118,0.16078432,0.17254902,0.25882354,0.42745098,0.52156866,0.6117647,0.56078434,0.53333336,0.24705882,0.2901961,0.2784314,0.24705882,0.2509804,0.23529412,0.25882354,0.3764706,0.41568628,0.40784314,0.31764707,0.19607843,0.105882354,0.16862746,0.22352941,0.20392157,0.1764706,0.16470589,0.14117648,0.12941177,0.1254902,0.14901961,0.1882353,0.32941177,0.40784314,0.44705883,0.52156866,0.5411765,0.21568628,0.2627451,0.24705882,0.20392157,0.2509804,0.29411766,0.3137255,0.3254902,0.32941177,0.3372549,0.23921569,0.15294118,0.105882354,0.12156863,0.18039216,0.1882353,0.14117648,0.13725491,0.105882354,0.09411765,0.105882354,0.14509805,0.21568628,0.27058825,0.27450982,0.3019608,0.36078432,0.42352942,0.22745098,0.22352941,0.10980392,0.09411765,0.1254902,0.19607843,0.21176471,0.1882353,0.19607843,0.1764706,0.13725491,0.09411765,0.09411765,0.10980392,0.12941177,0.101960786,0.105882354,0.09019608,0.0627451,0.0627451,0.09411765,0.16078432,0.21960784,0.24705882,0.27058825,0.32156864,0.34509805,0.3764706,0.19607843,0.1882353,0.12156863,0.10980392,0.1882353,0.18431373,0.12941177,0.13333334,0.16470589,0.16078432,0.11372549,0.09019608,0.12156863,0.18431373,0.20392157,0.20392157,0.13725491,0.06666667,0.03529412,0.078431375,0.14509805,0.21176471,0.22745098,0.23921569,0.3019608,0.34509805,0.34901962,0.35686275,0.13333334,0.12156863,0.09411765,0.09803922,0.12156863,0.14901961,0.14117648,0.14117648,0.14117648,0.17254902,0.18039216,0.16078432,0.18431373,0.20392157,0.23921569,0.24705882,0.19215687,0.105882354,0.07450981,0.11372549,0.16470589,0.21960784,0.24313726,0.23529412,0.22352941,0.25882354,0.28235295,0.29803923,0.0627451,0.05882353,0.07058824,0.101960786,0.105882354,0.13725491,0.16470589,0.14901961,0.13333334,0.16862746,0.15294118,0.101960786,0.09803922,0.12941177,0.16862746,0.22745098,0.18431373,0.10980392,0.101960786,0.15686275,0.18039216,0.22745098,0.25882354,0.20784314,0.20392157,0.24313726,0.27450982,0.25490198,0.039215688,0.02745098,0.02745098,0.043137256,0.05490196,0.06666667,0.11372549,0.14509805,0.18039216,0.22745098,0.2,0.14509805,0.1254902,0.101960786,0.11372549,0.13333334,0.13333334,0.11372549,0.105882354,0.11372549,0.11764706,0.10980392,0.105882354,0.105882354,0.09803922,0.11372549,0.13333334,0.1254902,0.019607844,0.015686275,0.015686275,0.039215688,0.07450981,0.078431375,0.08627451,0.07450981,0.09411765,0.1254902,0.12941177,0.11372549,0.14117648,0.16470589,0.1764706,0.16470589,0.16470589,0.16078432,0.101960786,0.0627451,0.0627451,0.07058824,0.078431375,0.05882353,0.050980393,0.05882353,0.08235294,0.08235294,0.03137255,0.02745098,0.023529412,0.039215688,0.047058824,0.05882353,0.05490196,0.03137255,0.039215688,0.047058824,0.07058824,0.09411765,0.14509805,0.19215687,0.18431373,0.14901961,0.12941177,0.101960786,0.07450981,0.08627451,0.101960786,0.12156863,0.105882354,0.101960786,0.10980392,0.12156863,0.101960786,0.09019608,0.03529412,0.03529412,0.050980393,0.08627451,0.078431375,0.06666667,0.06666667,0.05490196,0.05882353,0.08235294,0.0627451,0.05490196,0.078431375,0.08627451,0.08627451,0.09019608,0.07450981,0.05882353,0.039215688,0.03529412,0.043137256,0.05490196,0.07450981,0.09803922,0.12156863,0.13725491,0.15294118,0.15686275,0.039215688,0.03137255,0.05882353,0.078431375,0.05882353,0.03529412,0.03529412,0.039215688,0.043137256,0.043137256,0.03529412,0.039215688,0.03529412,0.043137256,0.05882353,0.078431375,0.09411765,0.08627451,0.07058824,0.0627451,0.0627451,0.07450981,0.07450981,0.07058824,0.0627451,0.06666667,0.078431375,0.09411765,0.047058824,0.039215688,0.043137256,0.05490196,0.043137256,0.02745098,0.02745098,0.03137255,0.02745098,0.019607844,0.023529412,0.019607844,0.023529412,0.023529412,0.03529412,0.043137256,0.05490196,0.050980393,0.043137256,0.05882353,0.078431375,0.09411765,0.10980392,0.101960786,0.078431375,0.07058824,0.08235294,0.07450981,0.050980393,0.043137256,0.047058824,0.039215688,0.03137255,0.03137255,0.02745098,0.02745098,0.019607844,0.019607844,0.019607844,0.015686275,0.019607844,0.019607844,0.019607844,0.02745098,0.03137255,0.02745098,0.03137255,0.043137256,0.050980393,0.07058824,0.09803922,0.11372549,0.10980392,0.101960786,0.11372549,0.11764706,0.05882353,0.050980393,0.050980393,0.047058824,0.03529412,0.03137255,0.02745098,0.023529412,0.02745098,0.023529412,0.023529412,0.023529412,0.023529412,0.023529412,0.023529412,0.02745098,0.03137255,0.023529412,0.023529412,0.03137255,0.043137256,0.05490196,0.07058824,0.08235294,0.09803922,0.105882354,0.10980392,0.12156863,0.07058824,0.0627451,0.05882353,0.05490196,0.047058824,0.039215688,0.03137255,0.039215688,0.03529412,0.03137255,0.03137255,0.03137255,0.03137255,0.03137255,0.03137255,0.03137255,0.03137255,0.03529412,0.03529412,0.039215688,0.043137256,0.047058824,0.050980393,0.0627451,0.07450981,0.08235294,0.09019608,0.09803922,0.07450981,0.07058824,0.07450981,0.0627451,0.05882353,0.050980393,0.047058824,0.047058824,0.043137256,0.03529412,0.039215688,0.039215688,0.039215688,0.03529412,0.039215688,0.043137256,0.043137256,0.043137256,0.043137256,0.043137256,0.047058824,0.047058824,0.05490196,0.06666667,0.07450981,0.078431375,0.078431375,0.08235294,0.08235294,0.08627451,0.08235294,0.07058824,0.0627451,0.05490196,0.05490196,0.05882353,0.047058824,0.047058824,0.050980393,0.047058824,0.047058824,0.043137256,0.043137256,0.047058824,0.047058824,0.043137256,0.043137256,0.050980393,0.05490196,0.05490196,0.05882353,0.0627451,0.07450981,0.07450981,0.07058824,0.078431375
1,0.6627451,0.6666667,0.6745098,0.6627451,0.68235296,0.69803923,0.7137255,0.72156864,0.70980394,0.7137255,0.7294118,0.7411765,0.70980394,0.70980394,0.7411765,0.72156864,0.69803923,0.68235296,0.68235296,0.67058825,0.67058825,0.68235296,0.7019608,0.7294118,0.74509805,0.7490196,0.7529412,0.72156864,0.5764706,0.63529414,0.63529414,0.5764706,0.6039216,0.6117647,0.6784314,0.6901961,0.7176471,0.7607843,0.7764706,0.7058824,0.654902,0.63529414,0.6745098,0.70980394,0.7529412,0.76862746,0.6862745,0.6156863,0.62352943,0.6313726,0.6392157,0.654902,0.6627451,0.7019608,0.7019608,0.67058825,0.5176471,0.5372549,0.54509807,0.54509807,0.53333336,0.5411765,0.56078434,0.5372549,0.5019608,0.5176471,0.54509807,0.4862745,0.4509804,0.4627451,0.5372549,0.5882353,0.5568628,0.5411765,0.5254902,0.5137255,0.5882353,0.6117647,0.5921569,0.5921569,0.5529412,0.56078434,0.5647059,0.56078434,0.42745098,0.4745098,0.4745098,0.47058824,0.47843137,0.49411765,0.49803922,0.49803922,0.47058824,0.4745098,0.48235294,0.47843137,0.5019608,0.5372549,0.5372549,0.5372549,0.49019608,0.47058824,0.50980395,0.53333336,0.49803922,0.4862745,0.49411765,0.5176471,0.52156866,0.53333336,0.57254905,0.57254905,0.5294118,0.6039216,0.6431373,0.5647059,0.50980395,0.5294118,0.5176471,0.5137255,0.5294118,0.5568628,0.5568628,0.5137255,0.49411765,0.48235294,0.5411765,0.6,0.5764706,0.58431375,0.5411765,0.5254902,0.54509807,0.5803922,0.60784316,0.6313726,0.6901961,0.6862745,0.70980394,0.69411767,0.43137255,0.4509804,0.4745098,0.5372549,0.61960787,0.63529414,0.6313726,0.6745098,0.6,0.6039216,0.5764706,0.52156866,0.46666667,0.49411765,0.54901963,0.6039216,0.5647059,0.47843137,0.53333336,0.5764706,0.53333336,0.54509807,0.56078434,0.57254905,0.62352943,0.5764706,0.57254905,0.5647059,0.49411765,0.45882353,0.4862745,0.5294118,0.5764706,0.6039216,0.5254902,0.5254902,0.4745098,0.54509807,0.54509807,0.5921569,0.5568628,0.4862745,0.50980395,0.5647059,0.56078434,0.4627451,0.4862745,0.41960785,0.50980395,0.59607846,0.63529414,0.5529412,0.5882353,0.5764706,0.54901963,0.5137255,0.48235294,0.5019608,0.47058824,0.54509807,0.54901963,0.49803922,0.50980395,0.58431375,0.58431375,0.5686275,0.50980395,0.42352942,0.38431373,0.29803923,0.35686275,0.47058824,0.49411765,0.34901962,0.42745098,0.4392157,0.5137255,0.6431373,0.67058825,0.654902,0.59607846,0.5176471,0.5803922,0.56078434,0.3764706,0.4,0.48235294,0.52156866,0.4862745,0.5568628,0.53333336,0.5882353,0.6,0.59607846,0.45882353,0.34117648,0.3764706,0.3764706,0.39215687,0.3529412,0.4392157,0.42352942,0.43137255,0.47058824,0.5176471,0.6,0.64705884,0.6431373,0.58431375,0.5568628,0.64705884,0.61960787,0.4392157,0.42352942,0.44313726,0.45882353,0.41960785,0.5058824,0.5647059,0.5372549,0.49411765,0.5137255,0.5058824,0.4627451,0.34117648,0.3882353,0.45882353,0.35686275,0.4117647,0.50980395,0.53333336,0.5686275,0.5921569,0.57254905,0.60784316,0.6509804,0.6431373,0.63529414,0.6039216,0.57254905,0.40784314,0.43137255,0.44705883,0.42745098,0.4509804,0.48235294,0.5019608,0.47843137,0.46666667,0.43529412,0.47843137,0.49411765,0.4862745,0.49411765,0.5019608,0.5294118,0.54901963,0.50980395,0.5686275,0.53333336,0.54901963,0.49411765,0.52156866,0.5647059,0.6,0.54901963,0.50980395,0.45882353,0.39607844,0.4117647,0.41960785,0.39607844,0.43137255,0.45490196,0.48235294,0.4745098,0.4392157,0.47843137,0.4862745,0.50980395,0.5176471,0.4627451,0.4117647,0.44313726,0.5019608,0.5176471,0.5803922,0.5411765,0.52156866,0.5372549,0.5882353,0.60784316,0.5764706,0.5019608,0.5254902,0.5568628,0.3764706,0.37254903,0.38431373,0.36862746,0.4117647,0.44705883,0.39607844,0.32941177,0.3254902,0.30588236,0.32156864,0.43137255,0.49019608,0.42745098,0.42745098,0.42352942,0.43137255,0.4627451,0.5137255,0.56078434,0.5803922,0.61960787,0.64705884,0.6862745,0.654902,0.5529412,0.5568628,0.5882353,0.30980393,0.3137255,0.34117648,0.34901962,0.34117648,0.41568628,0.43137255,0.38431373,0.3254902,0.28627452,0.34901962,0.41960785,0.41960785,0.39607844,0.3764706,0.36862746,0.37254903,0.41960785,0.43137255,0.4117647,0.45882353,0.4862745,0.5882353,0.52156866,0.48235294,0.50980395,0.49411765,0.4862745,0.25882354,0.26666668,0.2901961,0.31764707,0.34117648,0.35686275,0.42352942,0.40784314,0.4117647,0.41960785,0.43137255,0.42352942,0.3882353,0.35686275,0.34509805,0.32941177,0.3137255,0.29803923,0.3137255,0.36862746,0.39215687,0.49803922,0.53333336,0.5647059,0.6,0.5176471,0.37254903,0.39215687,0.18431373,0.18431373,0.20784314,0.24313726,0.29803923,0.29411766,0.3764706,0.39215687,0.41960785,0.44705883,0.39215687,0.34901962,0.34901962,0.34117648,0.34901962,0.33333334,0.32156864,0.34117648,0.4,0.43529412,0.5058824,0.42745098,0.33333334,0.4392157,0.4509804,0.49411765,0.42745098,0.35686275,0.13333334,0.1254902,0.16078432,0.17254902,0.20392157,0.24705882,0.31764707,0.33333334,0.32156864,0.33333334,0.34117648,0.30588236,0.2901961,0.33333334,0.34117648,0.34901962,0.3882353,0.41960785,0.45882353,0.48235294,0.5294118,0.4627451,0.4117647,0.41568628,0.5176471,0.5411765,0.4117647,0.2784314,0.105882354,0.09803922,0.11372549,0.14117648,0.17254902,0.16862746,0.21176471,0.24705882,0.2901961,0.32156864,0.3137255,0.27450982,0.26666668,0.25882354,0.26666668,0.27450982,0.32156864,0.36078432,0.42745098,0.45490196,0.4862745,0.49411765,0.44705883,0.3764706,0.42352942,0.44705883,0.34509805,0.27058825,0.078431375,0.07058824,0.09019608,0.14117648,0.16862746,0.18039216,0.15686275,0.17254902,0.2,0.21568628,0.22745098,0.20784314,0.21960784,0.22352941,0.2784314,0.30588236,0.3254902,0.32156864,0.4117647,0.4627451,0.40784314,0.34509805,0.3372549,0.2784314,0.3019608,0.3764706,0.36862746,0.29411766,0.0627451,0.0627451,0.06666667,0.101960786,0.14117648,0.18039216,0.18039216,0.16862746,0.15294118,0.14509805,0.16078432,0.17254902,0.18039216,0.2,0.2509804,0.28627452,0.32156864,0.3372549,0.36862746,0.38431373,0.37254903,0.33333334,0.29411766,0.23137255,0.22745098,0.26666668,0.2509804,0.22352941,0.050980393,0.047058824,0.05490196,0.07058824,0.105882354,0.1254902,0.16862746,0.15686275,0.13725491,0.11372549,0.105882354,0.12156863,0.13725491,0.15686275,0.1882353,0.23921569,0.27058825,0.30588236,0.3647059,0.39215687,0.37254903,0.3254902,0.2627451,0.2,0.18431373,0.20392157,0.1882353,0.17254902,0.039215688,0.039215688,0.039215688,0.043137256,0.06666667,0.07058824,0.08235294,0.09019608,0.09803922,0.09019608,0.101960786,0.105882354,0.11372549,0.12156863,0.14117648,0.15686275,0.18039216,0.22352941,0.3372549,0.4117647,0.46666667,0.42745098,0.34509805,0.2627451,0.20392157,0.22352941,0.24705882,0.23137255,0.047058824,0.047058824,0.047058824,0.047058824,0.05882353,0.07058824,0.078431375,0.08235294,0.09411765,0.08235294,0.05490196,0.05490196,0.05882353,0.07450981,0.105882354,0.12941177,0.17254902,0.20784314,0.2901961,0.3019608,0.3137255,0.3137255,0.25882354,0.21176471,0.18039216,0.19215687,0.21568628,0.20784314,0.0627451,0.05490196,0.050980393,0.05490196,0.05882353,0.05882353,0.0627451,0.06666667,0.0627451,0.050980393,0.050980393,0.05882353,0.0627451,0.08235294,0.11372549,0.12941177,0.13725491,0.14901961,0.2,0.2509804,0.27450982,0.27450982,0.23921569,0.16862746,0.14117648,0.14509805,0.15294118,0.16078432,0.06666667,0.0627451,0.05882353,0.05882353,0.0627451,0.0627451,0.06666667,0.06666667,0.0627451,0.05490196,0.050980393,0.0627451,0.07450981,0.09019608,0.105882354,0.11372549,0.11764706,0.11372549,0.14901961,0.21176471,0.23137255,0.21960784,0.21176471,0.16078432,0.12156863,0.1254902,0.14509805,0.16470589,0.06666667,0.07058824,0.06666667,0.06666667,0.0627451,0.05882353,0.07058824,0.07058824,0.0627451,0.05882353,0.07450981,0.078431375,0.09019608,0.09803922,0.09411765,0.09411765,0.08627451,0.08627451,0.11372549,0.16078432,0.17254902,0.16862746,0.16862746,0.13725491,0.105882354,0.11372549,0.14117648,0.17254902,0.06666667,0.07058824,0.06666667,0.07058824,0.0627451,0.06666667,0.07058824,0.06666667,0.06666667,0.06666667,0.07058824,0.06666667,0.07058824,0.07450981,0.078431375,0.078431375,0.078431375,0.078431375,0.09019608,0.105882354,0.12156863,0.12156863,0.12156863,0.10980392,0.105882354,0.10980392,0.12156863,0.12941177,0.06666667,0.05882353,0.0627451,0.06666667,0.0627451,0.05882353,0.0627451,0.0627451,0.05882353,0.05882353,0.05882353,0.05490196,0.05490196,0.05490196,0.0627451,0.05882353,0.0627451,0.06666667,0.07450981,0.08235294,0.09019608,0.09019608,0.09019608,0.09019608,0.09019608,0.08627451,0.09803922,0.11372549
1,0.6392157,0.62352943,0.6313726,0.64705884,0.63529414,0.60784316,0.59607846,0.6156863,0.627451,0.6313726,0.654902,0.6117647,0.61960787,0.6392157,0.6627451,0.6745098,0.6627451,0.6509804,0.6509804,0.67058825,0.6313726,0.5764706,0.5647059,0.58431375,0.5921569,0.59607846,0.6039216,0.6,0.5411765,0.54509807,0.54509807,0.5529412,0.5568628,0.5254902,0.5254902,0.54509807,0.5294118,0.5372549,0.5803922,0.61960787,0.57254905,0.53333336,0.50980395,0.5137255,0.5137255,0.4862745,0.49803922,0.54901963,0.5568628,0.46666667,0.5411765,0.52156866,0.48235294,0.45490196,0.46666667,0.4627451,0.52156866,0.5254902,0.49803922,0.44705883,0.46666667,0.48235294,0.49411765,0.50980395,0.47843137,0.45490196,0.4392157,0.46666667,0.5019608,0.54509807,0.5803922,0.58431375,0.49411765,0.43137255,0.43137255,0.41568628,0.4,0.41568628,0.4627451,0.4509804,0.41960785,0.4,0.4,0.3647059,0.5019608,0.5019608,0.4745098,0.44705883,0.45882353,0.4627451,0.4509804,0.44705883,0.41960785,0.39607844,0.42745098,0.5019608,0.49803922,0.53333336,0.54509807,0.5254902,0.47843137,0.49411765,0.54901963,0.5372549,0.5568628,0.5568628,0.53333336,0.49019608,0.44313726,0.4509804,0.43529412,0.41960785,0.54509807,0.5294118,0.49411765,0.5019608,0.5019608,0.4745098,0.45490196,0.43529412,0.39607844,0.38431373,0.43529412,0.5137255,0.48235294,0.5294118,0.52156866,0.49411765,0.4745098,0.45882353,0.45490196,0.4627451,0.48235294,0.48235294,0.45882353,0.4117647,0.37254903,0.38431373,0.40784314,0.42745098,0.5137255,0.5294118,0.52156866,0.54901963,0.5647059,0.54901963,0.54901963,0.6039216,0.5647059,0.5019608,0.50980395,0.52156866,0.5254902,0.5372549,0.5294118,0.53333336,0.54509807,0.5294118,0.5529412,0.53333336,0.5254902,0.5137255,0.5019608,0.4745098,0.43529412,0.4745098,0.4627451,0.45882353,0.5647059,0.54901963,0.54509807,0.5372549,0.53333336,0.48235294,0.45490196,0.4745098,0.5019608,0.49019608,0.47058824,0.49803922,0.5254902,0.5686275,0.5568628,0.5137255,0.5176471,0.5372549,0.5411765,0.49803922,0.47843137,0.5137255,0.5176471,0.49019608,0.45882353,0.48235294,0.49019608,0.48235294,0.57254905,0.57254905,0.5686275,0.5529412,0.53333336,0.5176471,0.47843137,0.4745098,0.4627451,0.49803922,0.49019608,0.5058824,0.5294118,0.5686275,0.56078434,0.5176471,0.54901963,0.56078434,0.5411765,0.5372549,0.48235294,0.49411765,0.5254902,0.5176471,0.4745098,0.47843137,0.49019608,0.4862745,0.5803922,0.5764706,0.5568628,0.54901963,0.5882353,0.5411765,0.5411765,0.52156866,0.4627451,0.5019608,0.49019608,0.52156866,0.5647059,0.5764706,0.56078434,0.53333336,0.5686275,0.58431375,0.54901963,0.5411765,0.5058824,0.49803922,0.5568628,0.5568628,0.49019608,0.49019608,0.54901963,0.5411765,0.5921569,0.6117647,0.6117647,0.5921569,0.63529414,0.68235296,0.67058825,0.6509804,0.58431375,0.5764706,0.5803922,0.6117647,0.67058825,0.62352943,0.5921569,0.5686275,0.5764706,0.5686275,0.54509807,0.5058824,0.49803922,0.53333336,0.5686275,0.59607846,0.627451,0.67058825,0.63529414,0.58431375,0.62352943,0.6117647,0.63529414,0.654902,0.6666667,0.75686276,0.70980394,0.6745098,0.63529414,0.654902,0.6745098,0.69411767,0.7058824,0.7058824,0.61960787,0.5764706,0.58431375,0.5803922,0.5647059,0.5686275,0.5803922,0.52156866,0.5176471,0.5882353,0.5764706,0.61960787,0.5803922,0.52156866,0.6509804,0.6666667,0.69411767,0.67058825,0.6784314,0.70980394,0.5803922,0.54901963,0.49803922,0.5529412,0.5803922,0.6666667,0.6627451,0.627451,0.69411767,0.6901961,0.69411767,0.67058825,0.6392157,0.6431373,0.6,0.53333336,0.54901963,0.49019608,0.40392157,0.41960785,0.48235294,0.4392157,0.7372549,0.7137255,0.6784314,0.654902,0.6156863,0.627451,0.6039216,0.61960787,0.5137255,0.5254902,0.54901963,0.6509804,0.6901961,0.6745098,0.77254903,0.7882353,0.78431374,0.69803923,0.61960787,0.5764706,0.47058824,0.45882353,0.45882353,0.4627451,0.41568628,0.39215687,0.44313726,0.4627451,0.72156864,0.63529414,0.69411767,0.6117647,0.50980395,0.50980395,0.5294118,0.5294118,0.52156866,0.5411765,0.5686275,0.6117647,0.6784314,0.7137255,0.75686276,0.72156864,0.7019608,0.654902,0.64705884,0.48235294,0.41568628,0.3882353,0.4117647,0.49411765,0.49019608,0.4862745,0.5058824,0.49411765,0.654902,0.67058825,0.6,0.5411765,0.5176471,0.5019608,0.5137255,0.50980395,0.49803922,0.5294118,0.5686275,0.5803922,0.62352943,0.6509804,0.6313726,0.6156863,0.62352943,0.6431373,0.59607846,0.50980395,0.44705883,0.38039216,0.3529412,0.37254903,0.39607844,0.4862745,0.56078434,0.59607846,0.5764706,0.5882353,0.53333336,0.47058824,0.45882353,0.47058824,0.49411765,0.4862745,0.46666667,0.5372549,0.5764706,0.57254905,0.56078434,0.58431375,0.58431375,0.60784316,0.5803922,0.5294118,0.5176471,0.43529412,0.41960785,0.3529412,0.30980393,0.30588236,0.3372549,0.4,0.5137255,0.5882353,0.4862745,0.5019608,0.42745098,0.40392157,0.4117647,0.39215687,0.3882353,0.38039216,0.40392157,0.5137255,0.49803922,0.48235294,0.47058824,0.5137255,0.5568628,0.59607846,0.59607846,0.5254902,0.45882353,0.4117647,0.3529412,0.27450982,0.21176471,0.20784314,0.25490198,0.3019608,0.3764706,0.43529412,0.4627451,0.4392157,0.36078432,0.3372549,0.33333334,0.28235295,0.27450982,0.2627451,0.34117648,0.45490196,0.44313726,0.44313726,0.4745098,0.4862745,0.47843137,0.49411765,0.4745098,0.43529412,0.42352942,0.4,0.32156864,0.23529412,0.1882353,0.16862746,0.18039216,0.22352941,0.27450982,0.32941177,0.3137255,0.28627452,0.22352941,0.21960784,0.24705882,0.2784314,0.2627451,0.24705882,0.2627451,0.33333334,0.34117648,0.37254903,0.40784314,0.40392157,0.34509805,0.3254902,0.29411766,0.2784314,0.31764707,0.2784314,0.23921569,0.1764706,0.13333334,0.13725491,0.14117648,0.16078432,0.20392157,0.2784314,0.25882354,0.23529412,0.20392157,0.19215687,0.19607843,0.19607843,0.15294118,0.15686275,0.1882353,0.2,0.23529412,0.2901961,0.33333334,0.2784314,0.22745098,0.22352941,0.2,0.19215687,0.1882353,0.15686275,0.12941177,0.105882354,0.09019608,0.07058824,0.06666667,0.08627451,0.1254902,0.14509805,0.27058825,0.22352941,0.20784314,0.20784314,0.23529412,0.2509804,0.23529412,0.19607843,0.16078432,0.16078432,0.21960784,0.25490198,0.30588236,0.24705882,0.20784314,0.21176471,0.19607843,0.20392157,0.1882353,0.17254902,0.14901961,0.09411765,0.07450981,0.05882353,0.039215688,0.047058824,0.06666667,0.08627451,0.25882354,0.24705882,0.25882354,0.24705882,0.2509804,0.25882354,0.25490198,0.25882354,0.27450982,0.22352941,0.21568628,0.21176471,0.27450982,0.2901961,0.28235295,0.2901961,0.2627451,0.2509804,0.22745098,0.21960784,0.1882353,0.12941177,0.09411765,0.05490196,0.039215688,0.03529412,0.05490196,0.06666667,0.2,0.16078432,0.16862746,0.19215687,0.19607843,0.2,0.21176471,0.21960784,0.23137255,0.25882354,0.28627452,0.23529412,0.1882353,0.15686275,0.15686275,0.1764706,0.16078432,0.14509805,0.13725491,0.14901961,0.1254902,0.09411765,0.08235294,0.09411765,0.11764706,0.16470589,0.18431373,0.18039216,0.21960784,0.1764706,0.14509805,0.14901961,0.14509805,0.13725491,0.15686275,0.16470589,0.20392157,0.19607843,0.21568628,0.22352941,0.21176471,0.18039216,0.15686275,0.15294118,0.1254902,0.101960786,0.09411765,0.08627451,0.105882354,0.1764706,0.19215687,0.19607843,0.19607843,0.16470589,0.14901961,0.15294118,0.21960784,0.18431373,0.15686275,0.15686275,0.13333334,0.10980392,0.10980392,0.105882354,0.10980392,0.12156863,0.12156863,0.11764706,0.16078432,0.18431373,0.2,0.21960784,0.21960784,0.22352941,0.2,0.20392157,0.21568628,0.18431373,0.14901961,0.13725491,0.1254902,0.11764706,0.1254902,0.13725491,0.15294118,0.12941177,0.105882354,0.101960786,0.09803922,0.09411765,0.08235294,0.08235294,0.08627451,0.09019608,0.10980392,0.16078432,0.23529412,0.28235295,0.2784314,0.23921569,0.23529412,0.23921569,0.20392157,0.16862746,0.16862746,0.17254902,0.14117648,0.11372549,0.09411765,0.09803922,0.09411765,0.09019608,0.12941177,0.1254902,0.1254902,0.14117648,0.14117648,0.12941177,0.13333334,0.13333334,0.14509805,0.15294118,0.16862746,0.21568628,0.2627451,0.28627452,0.28235295,0.24313726,0.23137255,0.21568628,0.20784314,0.2,0.1882353,0.14117648,0.09411765,0.09411765,0.08627451,0.07058824,0.06666667,0.07450981,0.12156863,0.12941177,0.16470589,0.1764706,0.1254902,0.12156863,0.14901961,0.18039216,0.19607843,0.20784314,0.2,0.18039216,0.19215687,0.19215687,0.19215687,0.16470589,0.17254902,0.1764706,0.21176471,0.17254902,0.13725491,0.15686275,0.14117648,0.08235294,0.050980393,0.05490196,0.05490196,0.07058824
1,0.5529412,0.5294118,0.49803922,0.4862745,0.4862745,0.4627451,0.44705883,0.4392157,0.3764706,0.3882353,0.38431373,0.34901962,0.34901962,0.3764706,0.4,0.42352942,0.4627451,0.49019608,0.4627451,0.47843137,0.49803922,0.52156866,0.5137255,0.50980395,0.5254902,0.5294118,0.53333336,0.5294118,0.4117647,0.4117647,0.48235294,0.42745098,0.43137255,0.4,0.36862746,0.3764706,0.34901962,0.33333334,0.30588236,0.29803923,0.30588236,0.33333334,0.3882353,0.3882353,0.40392157,0.38431373,0.32941177,0.35686275,0.4,0.47058824,0.52156866,0.44313726,0.41568628,0.38431373,0.36862746,0.4117647,0.37254903,0.33333334,0.32941177,0.3372549,0.28627452,0.24313726,0.25882354,0.22745098,0.16862746,0.13725491,0.14117648,0.14901961,0.15686275,0.14901961,0.19215687,0.23921569,0.24705882,0.24313726,0.24705882,0.28627452,0.34901962,0.34117648,0.3254902,0.26666668,0.24705882,0.2509804,0.24313726,0.25490198,0.36078432,0.3372549,0.2901961,0.32156864,0.3019608,0.25882354,0.28235295,0.28235295,0.22352941,0.19607843,0.14509805,0.14901961,0.15686275,0.16078432,0.18431373,0.25882354,0.29803923,0.26666668,0.24313726,0.2509804,0.2784314,0.3137255,0.30980393,0.3019608,0.32156864,0.3137255,0.3137255,0.29411766,0.3764706,0.34901962,0.34117648,0.34509805,0.28235295,0.2901961,0.3019608,0.25490198,0.18431373,0.15686275,0.21176471,0.32941177,0.3882353,0.39607844,0.32941177,0.34901962,0.32941177,0.3137255,0.29803923,0.28627452,0.32941177,0.3764706,0.41568628,0.38431373,0.35686275,0.34509805,0.36078432,0.3647059,0.43529412,0.40392157,0.3529412,0.31764707,0.2627451,0.24705882,0.23137255,0.18039216,0.14117648,0.101960786,0.12156863,0.21568628,0.30980393,0.29411766,0.2627451,0.28235295,0.3254902,0.30588236,0.36862746,0.3764706,0.43137255,0.4509804,0.46666667,0.42745098,0.40392157,0.39215687,0.3882353,0.40392157,0.4117647,0.33333334,0.24313726,0.21176471,0.21568628,0.29411766,0.27450982,0.22352941,0.2784314,0.27450982,0.2627451,0.35686275,0.34509805,0.30980393,0.32156864,0.38431373,0.42352942,0.3764706,0.36078432,0.42352942,0.48235294,0.5137255,0.56078434,0.56078434,0.57254905,0.5764706,0.5568628,0.5254902,0.4745098,0.39607844,0.3647059,0.34509805,0.3764706,0.4117647,0.41568628,0.3372549,0.34509805,0.35686275,0.36078432,0.4509804,0.4627451,0.38431373,0.36862746,0.42745098,0.43529412,0.39607844,0.3529412,0.3882353,0.44705883,0.49411765,0.5176471,0.5411765,0.58431375,0.6313726,0.6117647,0.49411765,0.44705883,0.4117647,0.39607844,0.36862746,0.32156864,0.2901961,0.2627451,0.23921569,0.22352941,0.20784314,0.23529412,0.3254902,0.32156864,0.28627452,0.31764707,0.36862746,0.40392157,0.36862746,0.34901962,0.3529412,0.38039216,0.43529412,0.49019608,0.54509807,0.5411765,0.56078434,0.57254905,0.49019608,0.27058825,0.25490198,0.24313726,0.2,0.1764706,0.16862746,0.17254902,0.14117648,0.15686275,0.20784314,0.26666668,0.34117648,0.33333334,0.2627451,0.2627451,0.23137255,0.2509804,0.24705882,0.28627452,0.3254902,0.34901962,0.41568628,0.4745098,0.49411765,0.4745098,0.47058824,0.49803922,0.4509804,0.16470589,0.15686275,0.15294118,0.15294118,0.17254902,0.16862746,0.16862746,0.14117648,0.14509805,0.20784314,0.27450982,0.3647059,0.31764707,0.25882354,0.23137255,0.21960784,0.20392157,0.18039216,0.2,0.26666668,0.31764707,0.3529412,0.41960785,0.40392157,0.46666667,0.5411765,0.5764706,0.47843137,0.2784314,0.2509804,0.19215687,0.14509805,0.16862746,0.20784314,0.16470589,0.14117648,0.17254902,0.20784314,0.23137255,0.18431373,0.14901961,0.13725491,0.11372549,0.15294118,0.19215687,0.23137255,0.23529412,0.24705882,0.26666668,0.2784314,0.2901961,0.30980393,0.40392157,0.5176471,0.49411765,0.44313726,0.32156864,0.36862746,0.36078432,0.32156864,0.32941177,0.2901961,0.25490198,0.21960784,0.20784314,0.19215687,0.1882353,0.18431373,0.15686275,0.09803922,0.08627451,0.1254902,0.14509805,0.16078432,0.16470589,0.16470589,0.21960784,0.2784314,0.29803923,0.31764707,0.3372549,0.33333334,0.37254903,0.39215687,0.2509804,0.26666668,0.33333334,0.44313726,0.53333336,0.5137255,0.4509804,0.39607844,0.39215687,0.32941177,0.28235295,0.21960784,0.19215687,0.1764706,0.16862746,0.2,0.2,0.1882353,0.2,0.21960784,0.24705882,0.24313726,0.2627451,0.27058825,0.31764707,0.28627452,0.2784314,0.2784314,0.20784314,0.20392157,0.25490198,0.3764706,0.45882353,0.48235294,0.44313726,0.43529412,0.4509804,0.4862745,0.47843137,0.42745098,0.38039216,0.3254902,0.32156864,0.33333334,0.34901962,0.3372549,0.3647059,0.42352942,0.42352942,0.38039216,0.3647059,0.32941177,0.29803923,0.27450982,0.2509804,0.26666668,0.16862746,0.16862746,0.21960784,0.2901961,0.3529412,0.36862746,0.34901962,0.39607844,0.40392157,0.44705883,0.4862745,0.42745098,0.34901962,0.31764707,0.2901961,0.32941177,0.36862746,0.3764706,0.43529412,0.44313726,0.4117647,0.34509805,0.28627452,0.24705882,0.24705882,0.22352941,0.20392157,0.2784314,0.105882354,0.1254902,0.16470589,0.21960784,0.23921569,0.23529412,0.22352941,0.25882354,0.30980393,0.35686275,0.33333334,0.30588236,0.2509804,0.21568628,0.25490198,0.3254902,0.38431373,0.36078432,0.36078432,0.38039216,0.38431373,0.3529412,0.2509804,0.20392157,0.1882353,0.1764706,0.16078432,0.2,0.09411765,0.13725491,0.19215687,0.22745098,0.23921569,0.23529412,0.19607843,0.2,0.20392157,0.22352941,0.1882353,0.15686275,0.12941177,0.13333334,0.22745098,0.29803923,0.38431373,0.36078432,0.3019608,0.2784314,0.25882354,0.24705882,0.19607843,0.17254902,0.16078432,0.1254902,0.105882354,0.12941177,0.06666667,0.11372549,0.16078432,0.1764706,0.1764706,0.16078432,0.12156863,0.14901961,0.23137255,0.24313726,0.16078432,0.09803922,0.078431375,0.0627451,0.09803922,0.1764706,0.2509804,0.23137255,0.2,0.2,0.21176471,0.22745098,0.20392157,0.19607843,0.20392157,0.15294118,0.09803922,0.10980392,0.047058824,0.05490196,0.0627451,0.07058824,0.08235294,0.078431375,0.07058824,0.09019608,0.15294118,0.21176471,0.1764706,0.10980392,0.06666667,0.02745098,0.03529412,0.09411765,0.14509805,0.14117648,0.10980392,0.11372549,0.10980392,0.1254902,0.11764706,0.08627451,0.09803922,0.09803922,0.078431375,0.09803922,0.02745098,0.02745098,0.02745098,0.03529412,0.03137255,0.039215688,0.050980393,0.0627451,0.12156863,0.14901961,0.10980392,0.08627451,0.043137256,0.023529412,0.03137255,0.05490196,0.07450981,0.07450981,0.07058824,0.07450981,0.08235294,0.09019608,0.07058824,0.05490196,0.050980393,0.05490196,0.043137256,0.050980393,0.02745098,0.023529412,0.023529412,0.02745098,0.023529412,0.02745098,0.05882353,0.09019608,0.10980392,0.10980392,0.09411765,0.08627451,0.0627451,0.06666667,0.08627451,0.07450981,0.050980393,0.047058824,0.047058824,0.05490196,0.05490196,0.07058824,0.05490196,0.047058824,0.039215688,0.039215688,0.03529412,0.039215688,0.03529412,0.03137255,0.02745098,0.02745098,0.039215688,0.07058824,0.14901961,0.18431373,0.2,0.20392157,0.20392157,0.18039216,0.12941177,0.10980392,0.08627451,0.050980393,0.039215688,0.03529412,0.03137255,0.039215688,0.050980393,0.05882353,0.047058824,0.043137256,0.03529412,0.03529412,0.039215688,0.047058824,0.047058824,0.047058824,0.047058824,0.043137256,0.05490196,0.09019608,0.13725491,0.17254902,0.20392157,0.20392157,0.1764706,0.14509805,0.09411765,0.05490196,0.047058824,0.043137256,0.03529412,0.03137255,0.03529412,0.039215688,0.043137256,0.047058824,0.043137256,0.043137256,0.043137256,0.043137256,0.050980393,0.050980393,0.06666667,0.05882353,0.05882353,0.0627451,0.06666667,0.07450981,0.09019608,0.105882354,0.1254902,0.13333334,0.12156863,0.11372549,0.078431375,0.05882353,0.05490196,0.050980393,0.043137256,0.047058824,0.043137256,0.047058824,0.050980393,0.050980393,0.050980393,0.05490196,0.05882353,0.05490196,0.06666667,0.07450981,0.078431375,0.07450981,0.07058824,0.07450981,0.07450981,0.078431375,0.08235294,0.09019608,0.105882354,0.11764706,0.10980392,0.09803922,0.07450981,0.0627451,0.0627451,0.05882353,0.0627451,0.0627451,0.05882353,0.0627451,0.07058824,0.06666667,0.06666667,0.0627451,0.07058824,0.07450981,0.07450981,0.08235294,0.08235294,0.07450981,0.07450981,0.078431375,0.07450981,0.07450981,0.08235294,0.09019608,0.09411765,0.09411765,0.09411765,0.09019608,0.078431375,0.07058824,0.06666667,0.05490196,0.05882353,0.0627451,0.05882353,0.05882353,0.06666667,0.07058824,0.0627451,0.06666667,0.07058824,0.07058824,0.07450981,0.078431375,0.07450981,0.07450981,0.07450981,0.07450981,0.07058824,0.07450981,0.07450981,0.078431375,0.078431375,0.08235294,0.08235294,0.078431375,0.07450981,0.06666667,0.05882353,0.05490196,0.0627451,0.0627451,0.05490196,0.05882353,0.07058824,0.06666667,0.07058824,0.07058824,0.07058824,0.07058824,0.07450981,0.078431375
1,0.6901961,0.6862745,0.6784314,0.63529414,0.6509804,0.65882355,0.6745098,0.69803923,0.6745098,0.68235296,0.7058824,0.69411767,0.7137255,0.7294118,0.7254902,0.69803923,0.7058824,0.7176471,0.7294118,0.6901961,0.6509804,0.6627451,0.67058825,0.69411767,0.7019608,0.7254902,0.7176471,0.7176471,0.5647059,0.5568628,0.5254902,0.48235294,0.48235294,0.49411765,0.54509807,0.62352943,0.53333336,0.5372549,0.56078434,0.5529412,0.54509807,0.52156866,0.56078434,0.5568628,0.56078434,0.54901963,0.5372549,0.49803922,0.45882353,0.47843137,0.5058824,0.5764706,0.58431375,0.5568628,0.53333336,0.5647059,0.6313726,0.6666667,0.6313726,0.61960787,0.60784316,0.6117647,0.5882353,0.50980395,0.47058824,0.42745098,0.4392157,0.4509804,0.4627451,0.5058824,0.5529412,0.5647059,0.59607846,0.6,0.58431375,0.54901963,0.5882353,0.654902,0.7372549,0.80784315,0.77254903,0.69411767,0.69411767,0.7294118,0.627451,0.6509804,0.67058825,0.6509804,0.6392157,0.6666667,0.6509804,0.61960787,0.5686275,0.5529412,0.5411765,0.5647059,0.6117647,0.6313726,0.654902,0.60784316,0.5058824,0.49411765,0.59607846,0.54509807,0.6666667,0.74509805,0.7647059,0.79607844,0.75686276,0.7137255,0.65882355,0.6431373,0.6039216,0.6745098,0.70980394,0.6509804,0.5372549,0.56078434,0.5254902,0.49019608,0.5372549,0.68235296,0.7254902,0.73333335,0.7607843,0.7647059,0.7176471,0.5254902,0.2509804,0.24705882,0.5058824,0.7019608,0.6901961,0.6745098,0.6666667,0.6784314,0.6627451,0.6039216,0.5019608,0.50980395,0.48235294,0.54509807,0.6431373,0.5372549,0.49803922,0.5529412,0.5647059,0.5176471,0.47843137,0.5764706,0.64705884,0.72156864,0.7764706,0.77254903,0.70980394,0.63529414,0.6666667,0.6627451,0.6392157,0.5568628,0.60784316,0.6392157,0.6,0.6313726,0.5921569,0.5294118,0.5019608,0.5529412,0.4392157,0.49411765,0.5647059,0.4392157,0.45490196,0.48235294,0.5019608,0.50980395,0.44313726,0.48235294,0.56078434,0.67058825,0.7019608,0.69411767,0.65882355,0.6627451,0.7254902,0.7490196,0.6862745,0.58431375,0.5568628,0.58431375,0.5803922,0.5803922,0.56078434,0.5294118,0.5803922,0.5921569,0.3137255,0.36862746,0.42745098,0.38431373,0.39215687,0.3882353,0.44313726,0.44705883,0.39215687,0.39607844,0.4745098,0.5764706,0.6313726,0.5568628,0.5529412,0.5803922,0.6666667,0.69411767,0.6392157,0.54901963,0.49019608,0.5019608,0.5137255,0.5137255,0.50980395,0.54901963,0.6862745,0.7058824,0.27058825,0.23529412,0.23137255,0.21960784,0.2901961,0.33333334,0.38039216,0.40784314,0.34117648,0.33333334,0.42352942,0.41568628,0.45882353,0.41960785,0.41568628,0.49019608,0.6156863,0.6392157,0.5568628,0.4509804,0.40784314,0.41960785,0.42352942,0.41568628,0.4509804,0.47843137,0.5764706,0.6901961,0.29803923,0.2784314,0.24705882,0.23529412,0.25882354,0.27058825,0.31764707,0.33333334,0.30980393,0.27450982,0.34901962,0.3647059,0.3882353,0.35686275,0.3529412,0.45490196,0.5764706,0.5921569,0.5019608,0.40392157,0.37254903,0.34117648,0.35686275,0.3529412,0.3647059,0.35686275,0.3882353,0.50980395,0.33333334,0.39215687,0.3882353,0.35686275,0.2901961,0.27450982,0.3137255,0.32156864,0.34117648,0.3137255,0.3137255,0.34901962,0.38431373,0.3529412,0.30980393,0.36078432,0.45882353,0.5254902,0.4392157,0.41960785,0.38431373,0.3647059,0.31764707,0.31764707,0.29803923,0.32156864,0.41568628,0.5254902,0.32156864,0.34509805,0.35686275,0.3137255,0.24705882,0.23921569,0.2509804,0.25882354,0.27450982,0.28235295,0.2901961,0.3137255,0.3372549,0.32941177,0.3019608,0.34117648,0.45490196,0.5137255,0.43529412,0.39607844,0.38431373,0.34901962,0.30980393,0.2627451,0.24705882,0.3019608,0.4392157,0.5254902,0.28235295,0.30980393,0.3137255,0.28235295,0.2509804,0.23921569,0.21568628,0.18431373,0.2,0.23137255,0.24313726,0.2627451,0.25882354,0.25490198,0.2627451,0.3372549,0.40392157,0.45882353,0.41960785,0.39215687,0.3529412,0.34117648,0.2784314,0.21568628,0.22745098,0.3019608,0.36078432,0.4509804,0.18431373,0.22745098,0.21176471,0.18431373,0.17254902,0.1882353,0.20784314,0.19607843,0.18431373,0.19215687,0.2,0.21568628,0.23137255,0.2,0.2,0.27058825,0.30980393,0.34117648,0.36078432,0.2901961,0.2784314,0.2627451,0.1882353,0.13333334,0.14901961,0.23529412,0.28627452,0.36862746,0.12156863,0.11372549,0.12941177,0.09803922,0.08627451,0.09803922,0.12156863,0.13725491,0.14117648,0.14509805,0.16470589,0.16470589,0.18039216,0.1764706,0.17254902,0.20392157,0.2627451,0.2901961,0.28235295,0.21568628,0.18039216,0.15294118,0.11372549,0.08235294,0.11372549,0.1882353,0.23529412,0.3372549,0.07450981,0.09019608,0.10980392,0.07058824,0.050980393,0.05490196,0.0627451,0.09803922,0.08627451,0.09803922,0.105882354,0.10980392,0.1254902,0.13725491,0.14509805,0.16862746,0.21176471,0.24705882,0.23529412,0.1882353,0.15686275,0.12156863,0.105882354,0.078431375,0.11372549,0.20784314,0.2627451,0.37254903,0.0627451,0.07058824,0.05490196,0.03137255,0.023529412,0.03137255,0.05490196,0.07058824,0.039215688,0.047058824,0.078431375,0.09411765,0.09411765,0.09411765,0.11372549,0.14509805,0.20392157,0.21960784,0.18431373,0.1882353,0.16470589,0.13333334,0.09803922,0.078431375,0.11764706,0.16078432,0.24313726,0.32941177,0.03137255,0.05490196,0.023529412,0.011764706,0.007843138,0.015686275,0.03137255,0.03529412,0.03137255,0.03137255,0.03137255,0.03529412,0.05490196,0.050980393,0.05490196,0.12156863,0.20392157,0.18039216,0.16862746,0.16078432,0.1254902,0.09411765,0.043137256,0.039215688,0.06666667,0.10980392,0.18039216,0.23921569,0.011764706,0.015686275,0.011764706,0.007843138,0.003921569,0.007843138,0.007843138,0.007843138,0.007843138,0.015686275,0.02745098,0.023529412,0.02745098,0.03137255,0.047058824,0.08627451,0.13333334,0.10980392,0.07450981,0.050980393,0.02745098,0.019607844,0.007843138,0.011764706,0.019607844,0.05490196,0.09803922,0.12156863,0.007843138,0.011764706,0.003921569,0.003921569,0.003921569,0.003921569,0.007843138,0.007843138,0.007843138,0.007843138,0.015686275,0.023529412,0.03137255,0.03529412,0.03137255,0.05490196,0.05882353,0.043137256,0.023529412,0.015686275,0.007843138,0.007843138,0.007843138,0.007843138,0.007843138,0.015686275,0.03137255,0.050980393,0.003921569,0.007843138,0.003921569,0.003921569,0.003921569,0.003921569,0.003921569,0.007843138,0.007843138,0.015686275,0.015686275,0.015686275,0.019607844,0.03137255,0.02745098,0.03529412,0.039215688,0.02745098,0.02745098,0.02745098,0.019607844,0.015686275,0.011764706,0.007843138,0.007843138,0.007843138,0.02745098,0.0627451,0.003921569,0.003921569,0.003921569,0.003921569,0.003921569,0.003921569,0.003921569,0.007843138,0.011764706,0.015686275,0.015686275,0.023529412,0.03137255,0.039215688,0.039215688,0.05490196,0.09019608,0.12156863,0.13725491,0.13725491,0.11372549,0.07450981,0.047058824,0.019607844,0.015686275,0.023529412,0.03137255,0.050980393,0.003921569,0.011764706,0.007843138,0.007843138,0.003921569,0.007843138,0.003921569,0.007843138,0.011764706,0.011764706,0.015686275,0.02745098,0.02745098,0.039215688,0.039215688,0.043137256,0.05882353,0.09019608,0.11764706,0.11764706,0.09803922,0.06666667,0.047058824,0.02745098,0.02745098,0.02745098,0.02745098,0.02745098,0.007843138,0.015686275,0.011764706,0.007843138,0.007843138,0.007843138,0.007843138,0.007843138,0.011764706,0.015686275,0.015686275,0.019607844,0.019607844,0.02745098,0.03137255,0.03137255,0.039215688,0.05490196,0.07058824,0.08627451,0.0627451,0.039215688,0.039215688,0.03137255,0.03137255,0.05882353,0.101960786,0.12941177,0.039215688,0.039215688,0.039215688,0.03137255,0.03137255,0.03137255,0.007843138,0.011764706,0.015686275,0.019607844,0.019607844,0.023529412,0.023529412,0.02745098,0.03137255,0.03137255,0.03529412,0.050980393,0.047058824,0.047058824,0.039215688,0.03137255,0.03137255,0.03137255,0.03529412,0.047058824,0.07058824,0.10980392,0.17254902,0.28235295,0.30588236,0.2627451,0.2784314,0.16862746,0.011764706,0.015686275,0.015686275,0.015686275,0.019607844,0.02745098,0.019607844,0.023529412,0.02745098,0.03529412,0.03529412,0.03529412,0.03529412,0.03137255,0.03137255,0.02745098,0.03529412,0.03137255,0.03137255,0.039215688,0.05490196,0.078431375,0.03137255,0.05882353,0.05490196,0.0627451,0.0627451,0.03529412,0.011764706,0.015686275,0.015686275,0.019607844,0.023529412,0.023529412,0.015686275,0.019607844,0.019607844,0.02745098,0.023529412,0.03137255,0.03137255,0.039215688,0.039215688,0.050980393,0.050980393,0.05490196,0.050980393,0.05490196,0.05882353,0.0627451,0.011764706,0.007843138,0.007843138,0.007843138,0.007843138,0.011764706,0.011764706,0.011764706,0.011764706,0.023529412,0.019607844,0.019607844,0.015686275,0.019607844,0.019607844,0.023529412,0.023529412,0.03137255,0.039215688,0.047058824,0.047058824,0.0627451,0.07058824,0.07450981,0.078431375,0.09803922,0.09019608,0.101960786
1,0.72156864,0.6862745,0.7019608,0.7176471,0.69411767,0.7294118,0.73333335,0.72156864,0.73333335,0.73333335,0.7137255,0.69803923,0.7294118,0.7372549,0.7058824,0.72156864,0.7607843,0.78431374,0.7764706,0.73333335,0.70980394,0.6509804,0.68235296,0.7137255,0.7294118,0.7411765,0.7764706,0.7607843,0.6039216,0.5882353,0.64705884,0.6666667,0.58431375,0.6039216,0.6745098,0.65882355,0.654902,0.6509804,0.64705884,0.59607846,0.6117647,0.6156863,0.60784316,0.6,0.59607846,0.6039216,0.6117647,0.5686275,0.53333336,0.49411765,0.5137255,0.5568628,0.57254905,0.6156863,0.627451,0.5803922,0.49803922,0.5019608,0.48235294,0.44313726,0.44705883,0.43529412,0.52156866,0.61960787,0.654902,0.5686275,0.5137255,0.4862745,0.49019608,0.50980395,0.5058824,0.5019608,0.5372549,0.57254905,0.58431375,0.5568628,0.49803922,0.44705883,0.43529412,0.40392157,0.40392157,0.39607844,0.4117647,0.4117647,0.49019608,0.4862745,0.40784314,0.40784314,0.38039216,0.37254903,0.42352942,0.49803922,0.52156866,0.41568628,0.49803922,0.56078434,0.54509807,0.5372549,0.54509807,0.5647059,0.5294118,0.5568628,0.56078434,0.5568628,0.45882353,0.47058824,0.48235294,0.45490196,0.42352942,0.4117647,0.44313726,0.44313726,0.42352942,0.30980393,0.30588236,0.31764707,0.29803923,0.2901961,0.3372549,0.3019608,0.3019608,0.4,0.4509804,0.4627451,0.4745098,0.37254903,0.4,0.5294118,0.61960787,0.59607846,0.5254902,0.6117647,0.654902,0.627451,0.54901963,0.4509804,0.39215687,0.39215687,0.47843137,0.47058824,0.41568628,0.25882354,0.3137255,0.43137255,0.4392157,0.3372549,0.31764707,0.3137255,0.31764707,0.3764706,0.34509805,0.39607844,0.49803922,0.4,0.46666667,0.53333336,0.53333336,0.5529412,0.627451,0.6784314,0.7137255,0.67058825,0.5568628,0.4745098,0.47058824,0.46666667,0.4627451,0.47058824,0.32156864,0.27450982,0.3137255,0.38431373,0.34509805,0.3019608,0.37254903,0.43137255,0.45882353,0.48235294,0.43529412,0.44313726,0.5019608,0.5019608,0.54901963,0.56078434,0.5647059,0.6039216,0.63529414,0.7058824,0.78039217,0.7490196,0.627451,0.4862745,0.3647059,0.42745098,0.48235294,0.4862745,0.32941177,0.32156864,0.35686275,0.3254902,0.3254902,0.32941177,0.34509805,0.3529412,0.35686275,0.45882353,0.47843137,0.45490196,0.53333336,0.5647059,0.6431373,0.6039216,0.54509807,0.654902,0.6627451,0.62352943,0.6784314,0.627451,0.5294118,0.4627451,0.4627451,0.53333336,0.52156866,0.4862745,0.2627451,0.22745098,0.27058825,0.30588236,0.38431373,0.3137255,0.2901961,0.34901962,0.38039216,0.41568628,0.4392157,0.59607846,0.65882355,0.7294118,0.7411765,0.6745098,0.6431373,0.7176471,0.65882355,0.5372549,0.5921569,0.69411767,0.70980394,0.62352943,0.5372549,0.54901963,0.5176471,0.34901962,0.16078432,0.1764706,0.20784314,0.3019608,0.38039216,0.3529412,0.43529412,0.4627451,0.47058824,0.4862745,0.4862745,0.56078434,0.6431373,0.6901961,0.5882353,0.6313726,0.7254902,0.8352941,0.84705883,0.7058824,0.64705884,0.67058825,0.63529414,0.5882353,0.49019608,0.48235294,0.41568628,0.34117648,0.21568628,0.27450982,0.3372549,0.34901962,0.34901962,0.3019608,0.31764707,0.34901962,0.3647059,0.38431373,0.43529412,0.4509804,0.5647059,0.6117647,0.54901963,0.5686275,0.5921569,0.7058824,0.78431374,0.654902,0.6627451,0.6117647,0.4627451,0.44313726,0.36862746,0.35686275,0.34901962,0.34117648,0.23137255,0.25882354,0.2901961,0.3529412,0.34901962,0.3529412,0.34901962,0.36078432,0.41568628,0.4509804,0.47058824,0.4627451,0.5137255,0.654902,0.6431373,0.52156866,0.5647059,0.67058825,0.6901961,0.60784316,0.6117647,0.5529412,0.47843137,0.5176471,0.49019608,0.45490196,0.4117647,0.34901962,0.24313726,0.28235295,0.3019608,0.30588236,0.27450982,0.27450982,0.2784314,0.2901961,0.34117648,0.4117647,0.43137255,0.42352942,0.44705883,0.5294118,0.4627451,0.43137255,0.5058824,0.5647059,0.5372549,0.5411765,0.5647059,0.6,0.6745098,0.70980394,0.65882355,0.58431375,0.5137255,0.44313726,0.22745098,0.20784314,0.24313726,0.25490198,0.25490198,0.2509804,0.23529412,0.25490198,0.2784314,0.3137255,0.3529412,0.41568628,0.5176471,0.59607846,0.6156863,0.6313726,0.6431373,0.69803923,0.7058824,0.7176471,0.6666667,0.62352943,0.59607846,0.56078434,0.49019608,0.41960785,0.3764706,0.31764707,0.13333334,0.12941177,0.14509805,0.18039216,0.20392157,0.2509804,0.2901961,0.36078432,0.44313726,0.5137255,0.5176471,0.53333336,0.5372549,0.54901963,0.56078434,0.5372549,0.5411765,0.5764706,0.58431375,0.5294118,0.49019608,0.5019608,0.45882353,0.40784314,0.3529412,0.3254902,0.3019608,0.2509804,0.07058824,0.08235294,0.12156863,0.20784314,0.28627452,0.3529412,0.39607844,0.39215687,0.37254903,0.3529412,0.34509805,0.3647059,0.39215687,0.4117647,0.4627451,0.45490196,0.43529412,0.4627451,0.4627451,0.42352942,0.38431373,0.36862746,0.36862746,0.36078432,0.34117648,0.3137255,0.25882354,0.21568628,0.08627451,0.13725491,0.23529412,0.26666668,0.24313726,0.23529412,0.24705882,0.2784314,0.29803923,0.32941177,0.34117648,0.3529412,0.36862746,0.35686275,0.3647059,0.34901962,0.3372549,0.3647059,0.36862746,0.34901962,0.3254902,0.31764707,0.32156864,0.31764707,0.3019608,0.25490198,0.21960784,0.17254902,0.10980392,0.1254902,0.15686275,0.16862746,0.16470589,0.18431373,0.21568628,0.23921569,0.26666668,0.27450982,0.3019608,0.29803923,0.3137255,0.2901961,0.29411766,0.2901961,0.28235295,0.29411766,0.3019608,0.30980393,0.30588236,0.29803923,0.27450982,0.25882354,0.2,0.19215687,0.1764706,0.15294118,0.07450981,0.08627451,0.10980392,0.12941177,0.14117648,0.17254902,0.20392157,0.21176471,0.23137255,0.24313726,0.25490198,0.25490198,0.27450982,0.28235295,0.27450982,0.28235295,0.25490198,0.25490198,0.2509804,0.25882354,0.24313726,0.22352941,0.21176471,0.20784314,0.19215687,0.17254902,0.14901961,0.13333334,0.06666667,0.09411765,0.11764706,0.1254902,0.12941177,0.13333334,0.14901961,0.16862746,0.2,0.21960784,0.23921569,0.23137255,0.23529412,0.22745098,0.20784314,0.20784314,0.21568628,0.21960784,0.21176471,0.21960784,0.20784314,0.20392157,0.20784314,0.18039216,0.16470589,0.14117648,0.12156863,0.11764706,0.07450981,0.07058824,0.08627451,0.09803922,0.101960786,0.105882354,0.12156863,0.14901961,0.18431373,0.19607843,0.17254902,0.15294118,0.15686275,0.15686275,0.15294118,0.16078432,0.19607843,0.19215687,0.20392157,0.20392157,0.19215687,0.1764706,0.16862746,0.14901961,0.14117648,0.1254902,0.1254902,0.11764706,0.07450981,0.06666667,0.07450981,0.078431375,0.07450981,0.08235294,0.101960786,0.11372549,0.12156863,0.12156863,0.11764706,0.1254902,0.13333334,0.13725491,0.13333334,0.14117648,0.15294118,0.16470589,0.17254902,0.16862746,0.15686275,0.15294118,0.13725491,0.1254902,0.11764706,0.11764706,0.10980392,0.09803922,0.07058824,0.07058824,0.06666667,0.06666667,0.06666667,0.06666667,0.08235294,0.08627451,0.09411765,0.101960786,0.10980392,0.10980392,0.10980392,0.11764706,0.1254902,0.11764706,0.12156863,0.13333334,0.13725491,0.12941177,0.12941177,0.12941177,0.11764706,0.11372549,0.11372549,0.101960786,0.105882354,0.105882354,0.07058824,0.06666667,0.06666667,0.06666667,0.05882353,0.0627451,0.0627451,0.07058824,0.07450981,0.08627451,0.09411765,0.09803922,0.09803922,0.101960786,0.11372549,0.11372549,0.11764706,0.12941177,0.1254902,0.12156863,0.12156863,0.11372549,0.10980392,0.101960786,0.105882354,0.11372549,0.13725491,0.14117648,0.08235294,0.078431375,0.0627451,0.07058824,0.0627451,0.05882353,0.0627451,0.07058824,0.07450981,0.078431375,0.08235294,0.08627451,0.08627451,0.09019608,0.09803922,0.101960786,0.105882354,0.11372549,0.10980392,0.11372549,0.105882354,0.101960786,0.101960786,0.10980392,0.12156863,0.13333334,0.1254902,0.12941177,0.09019608,0.08235294,0.07450981,0.078431375,0.07058824,0.06666667,0.0627451,0.06666667,0.07058824,0.07450981,0.07450981,0.078431375,0.07058824,0.078431375,0.08235294,0.09019608,0.101960786,0.11764706,0.11372549,0.1254902,0.13725491,0.14509805,0.12941177,0.12156863,0.11764706,0.13333334,0.14117648,0.14509805,0.08627451,0.08235294,0.08235294,0.08235294,0.07450981,0.07058824,0.06666667,0.07450981,0.05882353,0.0627451,0.07058824,0.07058824,0.08235294,0.08627451,0.09019608,0.09803922,0.11372549,0.1254902,0.13333334,0.12941177,0.1254902,0.10980392,0.10980392,0.105882354,0.101960786,0.09803922,0.09411765,0.09019608,0.08235294,0.08235294,0.078431375,0.078431375,0.07058824,0.07058824,0.07058824,0.078431375,0.06666667,0.05490196,0.06666667,0.07450981,0.08235294,0.08627451,0.09019608,0.09019608,0.105882354,0.105882354,0.105882354,0.101960786,0.10980392,0.105882354,0.09019608,0.08235294,0.08235294,0.08627451,0.08235294,0.08627451
1,0.7058824,0.6901961,0.6901961,0.67058825,0.6509804,0.64705884,0.6627451,0.65882355,0.6392157,0.6431373,0.63529414,0.65882355,0.6627451,0.63529414,0.64705884,0.6313726,0.61960787,0.63529414,0.63529414,0.65882355,0.6509804,0.65882355,0.6745098,0.6901961,0.69803923,0.68235296,0.6784314,0.6901961,0.7019608,0.6901961,0.7019608,0.6745098,0.65882355,0.6784314,0.69411767,0.7137255,0.67058825,0.63529414,0.6039216,0.62352943,0.6117647,0.5686275,0.5568628,0.50980395,0.49411765,0.5372549,0.5058824,0.49019608,0.5294118,0.56078434,0.54901963,0.5764706,0.5686275,0.53333336,0.54509807,0.6,0.5372549,0.54509807,0.5882353,0.49803922,0.4627451,0.48235294,0.45882353,0.4509804,0.45490196,0.4392157,0.39215687,0.40784314,0.43137255,0.48235294,0.4745098,0.39607844,0.38431373,0.41568628,0.45490196,0.45882353,0.4509804,0.4627451,0.4745098,0.45882353,0.44705883,0.4627451,0.4392157,0.44705883,0.45490196,0.4627451,0.54509807,0.50980395,0.5176471,0.50980395,0.47843137,0.4392157,0.4,0.40392157,0.39215687,0.38431373,0.36862746,0.41960785,0.5372549,0.5137255,0.4862745,0.5294118,0.49803922,0.40392157,0.49411765,0.5411765,0.49019608,0.4509804,0.42745098,0.47058824,0.4392157,0.41568628,0.52156866,0.5137255,0.57254905,0.6392157,0.5882353,0.5529412,0.5921569,0.6,0.5568628,0.56078434,0.5882353,0.57254905,0.4745098,0.4117647,0.54509807,0.56078434,0.57254905,0.44313726,0.4,0.3882353,0.4862745,0.52156866,0.50980395,0.5529412,0.54509807,0.6392157,0.6784314,0.60784316,0.5411765,0.46666667,0.44705883,0.54901963,0.54901963,0.52156866,0.5803922,0.5058824,0.50980395,0.5882353,0.53333336,0.49803922,0.4509804,0.41960785,0.54901963,0.5882353,0.5764706,0.5058824,0.50980395,0.3529412,0.27058825,0.38039216,0.54509807,0.6039216,0.63529414,0.6431373,0.5686275,0.45882353,0.4627451,0.27058825,0.44705883,0.54901963,0.61960787,0.6901961,0.6313726,0.50980395,0.4862745,0.5254902,0.48235294,0.45490196,0.31764707,0.2901961,0.49411765,0.5647059,0.56078434,0.5372549,0.5411765,0.4745098,0.35686275,0.3647059,0.5019608,0.5137255,0.5372549,0.58431375,0.54901963,0.52156866,0.43529412,0.25882354,0.34117648,0.39215687,0.5176471,0.49803922,0.42352942,0.37254903,0.44313726,0.48235294,0.47843137,0.45882353,0.33333334,0.25882354,0.37254903,0.46666667,0.49803922,0.49411765,0.5254902,0.5764706,0.5019608,0.39607844,0.38039216,0.49019608,0.5921569,0.6392157,0.6,0.5764706,0.40392157,0.19607843,0.101960786,0.08235294,0.15294118,0.15294118,0.15686275,0.1882353,0.37254903,0.47058824,0.47843137,0.46666667,0.36078432,0.30588236,0.3882353,0.5254902,0.5529412,0.5568628,0.5529412,0.54509807,0.3647059,0.3019608,0.3019608,0.42352942,0.53333336,0.5882353,0.5803922,0.5647059,0.20392157,0.15686275,0.050980393,0.02745098,0.03529412,0.03529412,0.03529412,0.039215688,0.14117648,0.3372549,0.4745098,0.44705883,0.3882353,0.34901962,0.41960785,0.5254902,0.54509807,0.49803922,0.4509804,0.43137255,0.30980393,0.25882354,0.28235295,0.4117647,0.5254902,0.5764706,0.59607846,0.5568628,0.18431373,0.16862746,0.07450981,0.015686275,0.011764706,0.015686275,0.007843138,0.007843138,0.047058824,0.23137255,0.39607844,0.40392157,0.3019608,0.2784314,0.3529412,0.4509804,0.49803922,0.45490196,0.4117647,0.42352942,0.3647059,0.34117648,0.36078432,0.44313726,0.57254905,0.6627451,0.68235296,0.627451,0.13725491,0.18431373,0.22352941,0.07058824,0.011764706,0.003921569,0.003921569,0.007843138,0.050980393,0.23529412,0.43529412,0.3764706,0.26666668,0.28235295,0.3372549,0.40392157,0.47058824,0.47843137,0.5019608,0.54509807,0.53333336,0.47058824,0.45882353,0.5137255,0.5882353,0.5882353,0.58431375,0.5294118,0.2627451,0.33333334,0.4,0.38431373,0.2784314,0.16862746,0.1764706,0.22352941,0.3137255,0.42745098,0.5176471,0.5647059,0.57254905,0.59607846,0.5921569,0.5647059,0.54901963,0.5372549,0.49411765,0.4392157,0.41960785,0.38431373,0.39215687,0.44705883,0.5411765,0.6156863,0.6509804,0.5803922,0.34901962,0.49803922,0.6117647,0.6313726,0.63529414,0.6313726,0.627451,0.5882353,0.50980395,0.4392157,0.49019608,0.49019608,0.45882353,0.42352942,0.40392157,0.38431373,0.3764706,0.35686275,0.33333334,0.3882353,0.3764706,0.3647059,0.40392157,0.4392157,0.4745098,0.5372549,0.49411765,0.42745098,0.49411765,0.6156863,0.7058824,0.7294118,0.73333335,0.7019608,0.6784314,0.654902,0.53333336,0.3647059,0.37254903,0.34117648,0.2784314,0.3137255,0.3372549,0.35686275,0.41568628,0.47058824,0.49411765,0.48235294,0.4509804,0.38039216,0.34509805,0.3647059,0.44313726,0.54901963,0.5686275,0.52156866,0.40392157,0.5686275,0.63529414,0.63529414,0.6666667,0.6431373,0.5921569,0.5803922,0.4509804,0.3372549,0.4117647,0.43529412,0.41960785,0.42352942,0.41568628,0.4,0.40784314,0.40784314,0.35686275,0.34901962,0.32941177,0.32156864,0.3019608,0.28627452,0.34901962,0.38431373,0.39215687,0.3647059,0.29803923,0.40392157,0.46666667,0.47058824,0.52156866,0.49411765,0.49803922,0.5254902,0.4117647,0.3372549,0.42352942,0.3882353,0.35686275,0.3372549,0.29411766,0.2784314,0.31764707,0.39607844,0.47843137,0.49411765,0.4745098,0.4509804,0.43137255,0.4392157,0.43137255,0.43137255,0.4509804,0.4509804,0.33333334,0.32156864,0.33333334,0.4392157,0.49803922,0.5764706,0.6117647,0.57254905,0.40784314,0.37254903,0.41960785,0.4392157,0.47058824,0.45490196,0.42745098,0.4117647,0.4117647,0.4509804,0.45490196,0.37254903,0.34117648,0.29411766,0.26666668,0.29411766,0.3372549,0.42352942,0.47058824,0.49411765,0.41568628,0.40392157,0.41960785,0.49803922,0.49803922,0.4745098,0.45882353,0.4,0.28235295,0.2901961,0.32941177,0.34117648,0.35686275,0.31764707,0.3019608,0.30980393,0.29411766,0.34117648,0.34117648,0.3137255,0.30980393,0.27058825,0.26666668,0.34117648,0.48235294,0.6156863,0.69803923,0.7294118,0.36862746,0.3882353,0.42745098,0.49803922,0.5176471,0.49019608,0.41960785,0.29803923,0.1882353,0.1764706,0.1764706,0.20392157,0.22745098,0.19607843,0.2,0.20392157,0.21176471,0.23921569,0.24705882,0.21568628,0.21176471,0.1764706,0.16470589,0.21176471,0.31764707,0.44705883,0.52156866,0.54901963,0.23921569,0.28627452,0.33333334,0.34901962,0.3764706,0.36862746,0.32941177,0.23137255,0.12941177,0.1254902,0.13333334,0.13333334,0.13725491,0.10980392,0.11764706,0.105882354,0.12156863,0.15294118,0.15686275,0.1764706,0.20392157,0.16862746,0.12941177,0.14509805,0.22352941,0.32941177,0.41568628,0.44705883,0.26666668,0.3019608,0.31764707,0.31764707,0.34901962,0.37254903,0.36862746,0.3529412,0.25490198,0.1764706,0.12941177,0.08627451,0.0627451,0.047058824,0.05882353,0.07450981,0.09019608,0.101960786,0.10980392,0.10980392,0.101960786,0.105882354,0.09411765,0.101960786,0.14117648,0.21176471,0.25882354,0.28235295,0.3882353,0.45882353,0.5137255,0.57254905,0.6117647,0.5803922,0.5019608,0.4,0.28235295,0.18039216,0.11764706,0.05882353,0.047058824,0.02745098,0.03529412,0.03529412,0.02745098,0.039215688,0.043137256,0.05490196,0.05882353,0.05490196,0.050980393,0.06666667,0.11372549,0.21176471,0.2509804,0.28627452,0.4,0.41568628,0.42745098,0.43137255,0.41568628,0.37254903,0.28235295,0.23137255,0.14117648,0.07450981,0.050980393,0.03137255,0.023529412,0.019607844,0.019607844,0.015686275,0.011764706,0.019607844,0.03137255,0.03137255,0.03137255,0.02745098,0.03137255,0.03529412,0.08235294,0.15686275,0.20392157,0.24705882,0.2509804,0.27058825,0.29803923,0.30588236,0.30980393,0.3254902,0.3019608,0.19215687,0.14901961,0.08627451,0.039215688,0.019607844,0.015686275,0.015686275,0.015686275,0.011764706,0.015686275,0.015686275,0.023529412,0.02745098,0.023529412,0.023529412,0.02745098,0.03137255,0.06666667,0.12941177,0.16470589,0.2,0.21176471,0.23529412,0.2627451,0.29411766,0.3137255,0.29411766,0.2509804,0.15294118,0.09803922,0.050980393,0.03529412,0.02745098,0.023529412,0.019607844,0.019607844,0.011764706,0.019607844,0.023529412,0.023529412,0.02745098,0.02745098,0.023529412,0.02745098,0.03137255,0.050980393,0.09411765,0.12941177,0.14901961,0.20392157,0.22745098,0.25490198,0.29411766,0.3137255,0.2901961,0.24313726,0.14509805,0.078431375,0.047058824,0.03529412,0.03137255,0.023529412,0.019607844,0.023529412,0.011764706,0.011764706,0.019607844,0.023529412,0.019607844,0.02745098,0.03137255,0.03137255,0.03137255,0.043137256,0.08627451,0.13333334,0.15294118,0.20392157,0.22352941,0.2509804,0.2509804,0.2627451,0.25882354,0.1882353,0.11372549,0.0627451,0.03529412,0.02745098,0.015686275,0.015686275,0.007843138,0.011764706,0.011764706,0.019607844,0.023529412,0.03137255,0.019607844,0.02745098,0.03529412,0.023529412,0.02745098,0.03529412,0.06666667,0.12941177,0.15294118
1,0.60784316,0.6,0.5803922,0.5686275,0.5803922,0.6156863,0.63529414,0.6156863,0.6039216,0.6039216,0.60784316,0.63529414,0.6313726,0.6509804,0.6431373,0.62352943,0.63529414,0.627451,0.627451,0.61960787,0.59607846,0.627451,0.6117647,0.6156863,0.60784316,0.5921569,0.6,0.64705884,0.3647059,0.3882353,0.3882353,0.3529412,0.38431373,0.40392157,0.43529412,0.43137255,0.3647059,0.35686275,0.43137255,0.49019608,0.49019608,0.47058824,0.4509804,0.4745098,0.5176471,0.5019608,0.49019608,0.49411765,0.49803922,0.5019608,0.46666667,0.5294118,0.5254902,0.48235294,0.4745098,0.49019608,0.3372549,0.3882353,0.36862746,0.31764707,0.31764707,0.34117648,0.30980393,0.2509804,0.18431373,0.14117648,0.2,0.33333334,0.4392157,0.42745098,0.44313726,0.43137255,0.4392157,0.46666667,0.4627451,0.47843137,0.5372549,0.5372549,0.48235294,0.42745098,0.41960785,0.39215687,0.43529412,0.45882353,0.5058824,0.49019608,0.41960785,0.37254903,0.3019608,0.33333334,0.27058825,0.18431373,0.08235294,0.015686275,0.08627451,0.3019608,0.49019608,0.4509804,0.43137255,0.4745098,0.44313726,0.46666667,0.41960785,0.46666667,0.47058824,0.42352942,0.43137255,0.4,0.4509804,0.45882353,0.53333336,0.6431373,0.4117647,0.41960785,0.49411765,0.47843137,0.3137255,0.3019608,0.2627451,0.1764706,0.047058824,0.007843138,0.08235294,0.28235295,0.4117647,0.4392157,0.49019608,0.5411765,0.49019608,0.4,0.4,0.44313726,0.42745098,0.40784314,0.44313726,0.56078434,0.59607846,0.5647059,0.47058824,0.44313726,0.6039216,0.5372549,0.5921569,0.4509804,0.3529412,0.36862746,0.26666668,0.16078432,0.05490196,0.03137255,0.16078432,0.32941177,0.5019608,0.5764706,0.5529412,0.5137255,0.44313726,0.38039216,0.42352942,0.3882353,0.3647059,0.34509805,0.3647059,0.4862745,0.4862745,0.3529412,0.3254902,0.3764706,0.5803922,0.47843137,0.49411765,0.41960785,0.5764706,0.5686275,0.42352942,0.3529412,0.23137255,0.22352941,0.3137255,0.4745098,0.627451,0.7294118,0.69411767,0.63529414,0.52156866,0.47843137,0.54509807,0.47058824,0.4,0.38039216,0.42352942,0.43137255,0.31764707,0.33333334,0.40392157,0.42352942,0.4627451,0.41960785,0.38431373,0.3254902,0.36078432,0.33333334,0.29411766,0.2901961,0.21960784,0.18431373,0.20784314,0.34509805,0.46666667,0.5921569,0.5647059,0.4627451,0.41568628,0.45490196,0.5764706,0.5882353,0.47843137,0.50980395,0.5019608,0.33333334,0.31764707,0.46666667,0.4117647,0.3137255,0.38431373,0.4,0.3254902,0.27450982,0.25882354,0.29411766,0.33333334,0.24313726,0.15294118,0.13725491,0.1882353,0.24313726,0.3764706,0.5411765,0.50980395,0.39607844,0.4,0.45490196,0.41960785,0.43137255,0.56078434,0.61960787,0.40392157,0.29411766,0.36862746,0.47058824,0.50980395,0.23529412,0.36862746,0.38039216,0.29803923,0.23529412,0.24705882,0.3137255,0.34509805,0.2509804,0.14509805,0.1254902,0.22745098,0.33333334,0.4509804,0.5372549,0.54509807,0.4509804,0.3529412,0.35686275,0.3882353,0.4862745,0.63529414,0.6156863,0.46666667,0.3137255,0.29803923,0.33333334,0.42745098,0.2901961,0.43137255,0.40784314,0.3254902,0.26666668,0.29803923,0.3137255,0.23529412,0.16078432,0.11764706,0.10980392,0.22352941,0.3764706,0.5372549,0.6117647,0.60784316,0.5568628,0.4627451,0.49411765,0.5686275,0.59607846,0.5921569,0.5254902,0.54509807,0.5137255,0.41568628,0.32941177,0.40392157,0.3882353,0.4392157,0.4,0.3764706,0.30980393,0.3647059,0.32941177,0.19215687,0.16078432,0.14509805,0.16470589,0.30980393,0.4862745,0.59607846,0.60784316,0.56078434,0.5529412,0.6117647,0.60784316,0.62352943,0.5803922,0.4745098,0.43529412,0.48235294,0.5882353,0.6,0.58431375,0.60784316,0.6039216,0.4862745,0.44313726,0.41960785,0.35686275,0.26666668,0.22352941,0.25490198,0.28235295,0.23137255,0.22352941,0.3372549,0.45490196,0.57254905,0.6666667,0.61960787,0.5411765,0.5137255,0.54901963,0.6156863,0.6117647,0.5764706,0.47058824,0.37254903,0.3529412,0.3882353,0.4509804,0.5529412,0.69411767,0.4,0.32941177,0.30980393,0.28627452,0.27450982,0.34117648,0.34901962,0.24705882,0.1882353,0.16078432,0.24313726,0.3764706,0.4862745,0.54509807,0.49411765,0.43137255,0.40392157,0.41960785,0.4745098,0.5176471,0.4627451,0.40392157,0.37254903,0.3882353,0.40784314,0.43137255,0.5254902,0.6431373,0.33333334,0.27450982,0.24705882,0.21568628,0.23529412,0.30588236,0.27058825,0.23137255,0.22352941,0.20392157,0.25882354,0.3529412,0.5372549,0.6,0.5529412,0.41568628,0.3764706,0.36862746,0.4117647,0.47843137,0.49411765,0.41960785,0.3529412,0.34901962,0.38039216,0.43529412,0.54901963,0.64705884,0.27058825,0.27058825,0.22745098,0.1764706,0.16078432,0.16862746,0.19607843,0.23921569,0.26666668,0.24313726,0.2901961,0.3529412,0.42745098,0.5058824,0.5882353,0.47843137,0.39607844,0.3882353,0.40784314,0.42352942,0.41568628,0.3529412,0.32941177,0.34509805,0.33333334,0.44705883,0.5019608,0.52156866,0.22745098,0.21960784,0.1764706,0.1254902,0.105882354,0.13725491,0.20784314,0.23137255,0.21568628,0.20784314,0.2509804,0.2901961,0.36862746,0.4862745,0.56078434,0.4745098,0.4117647,0.43137255,0.43137255,0.41960785,0.36078432,0.3254902,0.33333334,0.3137255,0.2901961,0.34509805,0.4,0.45882353,0.14117648,0.16078432,0.14509805,0.10980392,0.078431375,0.09019608,0.14117648,0.17254902,0.14901961,0.15294118,0.20392157,0.24705882,0.2627451,0.32156864,0.32941177,0.29803923,0.3372549,0.36862746,0.3647059,0.34901962,0.3254902,0.28627452,0.28627452,0.27058825,0.2627451,0.4,0.57254905,0.5137255,0.11372549,0.12941177,0.12941177,0.13333334,0.078431375,0.050980393,0.078431375,0.105882354,0.13725491,0.16470589,0.18039216,0.20784314,0.28627452,0.3137255,0.27450982,0.24313726,0.28235295,0.31764707,0.29411766,0.3019608,0.30980393,0.29803923,0.28627452,0.28627452,0.27058825,0.39215687,0.56078434,0.6156863,0.08235294,0.09019608,0.08235294,0.078431375,0.06666667,0.05882353,0.07058824,0.09019608,0.11764706,0.15686275,0.20392157,0.24313726,0.29411766,0.29803923,0.25882354,0.23137255,0.22745098,0.23137255,0.2509804,0.26666668,0.27058825,0.27058825,0.24705882,0.2627451,0.30980393,0.36862746,0.4,0.4627451,0.05882353,0.0627451,0.07058824,0.05882353,0.05490196,0.06666667,0.07058824,0.078431375,0.09019608,0.12941177,0.16862746,0.22352941,0.23921569,0.24313726,0.21568628,0.18431373,0.2,0.22745098,0.2509804,0.25882354,0.27058825,0.27450982,0.27450982,0.2901961,0.2784314,0.25882354,0.28235295,0.3137255,0.07450981,0.08627451,0.08235294,0.0627451,0.05490196,0.0627451,0.0627451,0.07058824,0.08235294,0.1254902,0.14901961,0.17254902,0.1882353,0.2,0.18039216,0.15686275,0.16862746,0.19607843,0.23137255,0.23921569,0.27058825,0.29803923,0.30980393,0.3254902,0.29411766,0.21568628,0.2,0.22745098,0.05490196,0.07450981,0.07058824,0.05490196,0.05490196,0.07058824,0.07450981,0.08627451,0.09803922,0.12156863,0.15294118,0.16078432,0.19215687,0.20784314,0.19215687,0.1764706,0.16078432,0.15294118,0.16078432,0.17254902,0.2,0.2509804,0.28235295,0.2901961,0.23137255,0.16078432,0.15294118,0.15686275,0.047058824,0.05882353,0.050980393,0.05490196,0.0627451,0.07450981,0.08235294,0.09411765,0.101960786,0.12156863,0.15686275,0.15294118,0.18039216,0.1882353,0.19215687,0.1882353,0.1882353,0.1882353,0.1882353,0.1764706,0.16862746,0.16862746,0.19215687,0.24705882,0.21568628,0.14117648,0.11372549,0.101960786,0.047058824,0.05490196,0.05882353,0.05882353,0.05490196,0.0627451,0.07058824,0.078431375,0.08627451,0.11764706,0.15686275,0.16862746,0.1764706,0.16470589,0.15294118,0.14901961,0.15294118,0.16470589,0.1764706,0.16470589,0.15686275,0.14901961,0.15686275,0.18039216,0.14117648,0.09411765,0.078431375,0.07058824,0.043137256,0.05882353,0.0627451,0.050980393,0.05490196,0.05490196,0.07058824,0.08627451,0.09803922,0.12156863,0.14509805,0.15686275,0.18039216,0.1882353,0.17254902,0.1764706,0.18039216,0.18431373,0.1882353,0.16470589,0.15294118,0.14117648,0.13725491,0.12941177,0.105882354,0.078431375,0.07058824,0.07058824,0.039215688,0.05490196,0.05490196,0.05490196,0.05490196,0.05490196,0.06666667,0.078431375,0.08627451,0.105882354,0.1254902,0.13333334,0.14509805,0.14509805,0.15294118,0.14509805,0.14509805,0.14117648,0.13333334,0.14117648,0.14117648,0.13725491,0.12941177,0.13725491,0.105882354,0.09019608,0.07450981,0.06666667,0.02745098,0.043137256,0.043137256,0.047058824,0.050980393,0.05882353,0.0627451,0.07450981,0.08627451,0.09411765,0.10980392,0.105882354,0.10980392,0.11372549,0.13333334,0.14117648,0.12941177,0.11764706,0.11372549,0.11372549,0.1254902,0.11764706,0.11764706,0.12156863,0.08627451,0.07450981,0.07058824,0.0627451
0,0.32941177,0.34117648,0.36078432,0.39215687,0.41568628,0.43529412,0.42352942,0.4117647,0.40784314,0.41960785,0.43137255,0.4392157,0.44313726,0.4627451,0.46666667,0.4745098,0.46666667,0.46666667,0.47058824,0.46666667,0.4627451,0.4509804,0.43137255,0.42745098,0.42745098,0.4,0.38039216,0.38431373,0.28235295,0.2627451,0.24313726,0.2627451,0.26666668,0.27058825,0.31764707,0.34117648,0.3372549,0.3254902,0.33333334,0.36862746,0.35686275,0.37254903,0.39215687,0.38431373,0.36862746,0.3254902,0.3137255,0.2901961,0.27450982,0.2901961,0.28235295,0.29803923,0.28627452,0.2901961,0.2784314,0.27450982,0.23137255,0.25882354,0.27058825,0.27450982,0.29803923,0.37254903,0.40784314,0.39607844,0.41568628,0.41568628,0.3529412,0.32156864,0.26666668,0.2784314,0.29803923,0.30588236,0.29803923,0.2784314,0.2901961,0.28627452,0.30980393,0.34117648,0.32156864,0.33333334,0.34901962,0.3529412,0.3372549,0.32941177,0.29803923,0.3254902,0.3372549,0.32156864,0.3019608,0.32941177,0.32156864,0.34117648,0.42745098,0.45490196,0.4392157,0.42745098,0.40392157,0.43137255,0.4117647,0.38431373,0.40784314,0.43137255,0.38431373,0.37254903,0.36862746,0.38431373,0.4,0.42352942,0.43137255,0.42745098,0.41568628,0.42352942,0.37254903,0.3647059,0.3529412,0.34117648,0.34117648,0.34509805,0.34509805,0.42352942,0.45490196,0.38039216,0.3372549,0.34901962,0.36862746,0.3764706,0.39607844,0.46666667,0.53333336,0.5372549,0.44705883,0.41568628,0.41568628,0.3882353,0.38039216,0.38039216,0.38039216,0.39215687,0.38431373,0.38431373,0.38431373,0.3882353,0.36862746,0.36862746,0.3882353,0.3764706,0.3647059,0.38431373,0.4,0.39607844,0.40392157,0.4392157,0.43529412,0.42352942,0.40392157,0.42745098,0.4509804,0.47058824,0.49803922,0.52156866,0.49803922,0.4509804,0.41568628,0.3882353,0.39215687,0.3882353,0.39215687,0.38039216,0.43529412,0.4509804,0.41960785,0.41568628,0.44705883,0.43529412,0.44705883,0.46666667,0.49019608,0.5372549,0.5411765,0.48235294,0.46666667,0.49019608,0.5137255,0.5058824,0.52156866,0.5058824,0.48235294,0.49411765,0.5529412,0.5764706,0.5882353,0.5882353,0.57254905,0.5568628,0.52156866,0.4862745,0.49803922,0.49019608,0.49019608,0.5058824,0.5372549,0.5372549,0.54901963,0.54509807,0.49019608,0.47058824,0.49019608,0.5372549,0.5686275,0.5803922,0.5882353,0.5882353,0.5686275,0.5058824,0.45882353,0.50980395,0.5686275,0.5882353,0.59607846,0.59607846,0.5568628,0.50980395,0.47843137,0.43529412,0.48235294,0.44705883,0.41960785,0.43529412,0.4745098,0.5019608,0.4862745,0.44705883,0.36862746,0.3529412,0.3647059,0.38039216,0.4392157,0.50980395,0.50980395,0.5058824,0.50980395,0.4862745,0.4745098,0.48235294,0.49019608,0.5019608,0.49803922,0.45882353,0.42352942,0.43529412,0.45882353,0.4509804,0.39215687,0.39607844,0.34901962,0.3647059,0.36862746,0.38039216,0.3764706,0.37254903,0.3529412,0.37254903,0.4117647,0.39607844,0.41960785,0.5058824,0.5294118,0.48235294,0.39607844,0.2784314,0.2784314,0.3529412,0.3764706,0.3882353,0.3764706,0.37254903,0.3882353,0.42745098,0.49019608,0.49411765,0.36078432,0.34901962,0.36078432,0.38431373,0.39607844,0.35686275,0.32156864,0.33333334,0.3647059,0.38431373,0.39607844,0.45882353,0.4627451,0.47843137,0.54509807,0.39607844,0.20392157,0.13333334,0.16078432,0.22745098,0.27450982,0.32156864,0.3254902,0.32156864,0.30588236,0.30980393,0.33333334,0.32941177,0.4117647,0.3882353,0.38039216,0.34509805,0.3647059,0.34509805,0.27450982,0.2784314,0.3019608,0.30588236,0.34117648,0.38039216,0.39607844,0.39607844,0.45490196,0.20784314,0.09019608,0.05490196,0.078431375,0.15686275,0.21176471,0.30980393,0.39215687,0.4,0.29411766,0.23137255,0.2901961,0.30588236,0.44313726,0.40784314,0.34509805,0.3647059,0.39607844,0.38039216,0.3647059,0.36078432,0.38039216,0.37254903,0.3882353,0.39607844,0.3764706,0.36078432,0.3647059,0.11764706,0.039215688,0.03529412,0.05882353,0.1254902,0.20392157,0.26666668,0.32941177,0.31764707,0.30980393,0.34117648,0.3137255,0.30980393,0.42745098,0.42745098,0.40392157,0.41960785,0.40784314,0.3529412,0.36862746,0.44313726,0.47058824,0.45882353,0.44313726,0.3882353,0.3372549,0.2901961,0.22745098,0.07058824,0.05882353,0.05882353,0.09019608,0.101960786,0.10980392,0.15686275,0.1882353,0.22352941,0.2509804,0.24705882,0.22352941,0.25490198,0.37254903,0.39215687,0.40392157,0.41568628,0.38431373,0.33333334,0.31764707,0.32941177,0.3764706,0.39607844,0.4117647,0.3882353,0.30588236,0.23137255,0.14901961,0.078431375,0.105882354,0.12156863,0.105882354,0.09411765,0.078431375,0.09411765,0.13725491,0.16862746,0.1882353,0.23529412,0.27058825,0.29411766,0.38039216,0.3647059,0.3529412,0.36078432,0.3529412,0.34509805,0.34901962,0.34509805,0.36078432,0.42352942,0.4509804,0.34509805,0.25490198,0.2,0.101960786,0.07450981,0.14117648,0.12156863,0.105882354,0.09019608,0.07450981,0.09019608,0.18039216,0.24705882,0.26666668,0.27450982,0.28627452,0.3019608,0.3254902,0.34117648,0.34509805,0.34509805,0.3647059,0.37254903,0.3764706,0.35686275,0.30980393,0.32941177,0.34901962,0.2784314,0.23529412,0.19215687,0.13725491,0.11764706,0.12941177,0.078431375,0.06666667,0.078431375,0.10980392,0.16470589,0.24705882,0.3254902,0.30588236,0.27058825,0.32941177,0.3764706,0.25490198,0.28235295,0.2901961,0.29803923,0.3254902,0.32156864,0.28627452,0.22745098,0.1882353,0.19607843,0.21176471,0.19607843,0.15294118,0.12156863,0.11372549,0.11764706,0.10980392,0.101960786,0.1254902,0.14117648,0.15686275,0.16862746,0.21176471,0.27058825,0.31764707,0.3019608,0.3254902,0.34901962,0.30980393,0.33333334,0.32941177,0.3254902,0.33333334,0.26666668,0.2,0.18039216,0.17254902,0.16470589,0.15294118,0.12156863,0.08235294,0.0627451,0.05882353,0.07450981,0.10980392,0.13725491,0.16470589,0.16078432,0.16470589,0.17254902,0.1882353,0.24705882,0.28627452,0.25882354,0.2509804,0.23137255,0.23529412,0.24313726,0.21568628,0.21568628,0.21176471,0.2,0.19215687,0.1882353,0.17254902,0.16078432,0.13333334,0.10980392,0.101960786,0.09803922,0.11764706,0.15686275,0.19215687,0.1882353,0.19607843,0.1882353,0.17254902,0.16078432,0.1764706,0.20784314,0.2,0.18431373,0.18039216,0.19215687,0.20784314,0.19607843,0.18431373,0.20392157,0.21176471,0.18431373,0.19215687,0.18431373,0.17254902,0.18039216,0.15294118,0.14509805,0.14901961,0.14509805,0.15686275,0.1764706,0.16862746,0.15686275,0.19607843,0.14901961,0.10980392,0.10980392,0.12941177,0.14117648,0.16078432,0.16862746,0.18431373,0.20784314,0.16862746,0.1764706,0.16862746,0.15294118,0.16862746,0.17254902,0.1882353,0.19607843,0.18039216,0.16470589,0.16470589,0.15686275,0.14901961,0.12941177,0.12941177,0.12941177,0.15294118,0.16862746,0.14117648,0.11764706,0.101960786,0.101960786,0.11372549,0.13333334,0.14509805,0.15294118,0.16862746,0.1882353,0.17254902,0.16470589,0.14509805,0.14117648,0.16470589,0.1882353,0.20784314,0.22745098,0.23529412,0.24313726,0.22745098,0.18039216,0.14901961,0.13333334,0.12941177,0.12156863,0.12156863,0.13333334,0.1254902,0.1254902,0.11372549,0.105882354,0.11764706,0.12941177,0.14509805,0.16078432,0.16470589,0.16862746,0.20392157,0.20392157,0.2,0.20392157,0.20392157,0.19215687,0.20392157,0.21176471,0.21568628,0.21960784,0.20784314,0.18039216,0.16862746,0.14509805,0.14117648,0.14901961,0.14509805,0.12941177,0.11764706,0.11764706,0.11372549,0.11764706,0.1254902,0.12941177,0.14901961,0.16470589,0.16078432,0.15294118,0.16078432,0.17254902,0.1764706,0.19607843,0.20392157,0.21960784,0.24313726,0.25882354,0.24313726,0.22745098,0.20784314,0.18039216,0.16862746,0.14509805,0.13333334,0.13333334,0.13333334,0.13333334,0.1254902,0.11764706,0.11372549,0.11764706,0.12156863,0.14117648,0.14509805,0.15294118,0.16470589,0.16078432,0.16078432,0.17254902,0.19607843,0.21176471,0.23921569,0.25490198,0.26666668,0.24313726,0.21176471,0.20392157,0.19607843,0.18039216,0.15686275,0.13333334,0.13333334,0.14117648,0.14117648,0.14117648,0.13725491,0.13333334,0.12941177,0.1254902,0.13725491,0.14901961,0.14509805,0.15686275,0.17254902,0.18431373,0.14901961,0.15686275,0.18431373,0.20392157,0.22745098,0.2627451,0.28235295,0.25882354,0.21568628,0.19607843,0.19215687,0.1764706,0.15686275,0.14117648,0.14117648,0.15294118,0.15294118,0.15294118,0.15294118,0.16078432,0.15686275,0.15294118,0.16078432,0.1764706,0.19607843,0.21568628,0.24705882,0.29803923,0.14901961,0.15686275,0.19215687,0.20784314,0.21960784,0.2509804,0.27058825,0.25490198,0.21568628,0.1882353,0.19215687,0.18039216,0.16470589,0.14901961,0.15294118,0.16078432,0.17254902,0.16078432,0.16078432,0.18039216,0.1764706,0.18431373,0.20392157,0.24705882,0.2784314,0.3137255,0.3254902,0.3647059
1,0.57254905,0.6117647,0.6,0.61960787,0.62352943,0.61960787,0.61960787,0.6313726,0.6039216,0.56078434,0.57254905,0.61960787,0.64705884,0.6431373,0.6627451,0.6666667,0.6392157,0.62352943,0.6117647,0.6392157,0.6627451,0.6627451,0.6313726,0.627451,0.60784316,0.63529414,0.64705884,0.6313726,0.43529412,0.43529412,0.41960785,0.44313726,0.45882353,0.4627451,0.49019608,0.54509807,0.6,0.54509807,0.53333336,0.5882353,0.5647059,0.52156866,0.5058824,0.5176471,0.5254902,0.47843137,0.44705883,0.48235294,0.5294118,0.52156866,0.49019608,0.47843137,0.4392157,0.4627451,0.49803922,0.49803922,0.25882354,0.3254902,0.3372549,0.3254902,0.38039216,0.43529412,0.45882353,0.49019608,0.50980395,0.5803922,0.6117647,0.6117647,0.5529412,0.54509807,0.54509807,0.5058824,0.5019608,0.41960785,0.3882353,0.41568628,0.44313726,0.44705883,0.41568628,0.39607844,0.4627451,0.5137255,0.4862745,0.49411765,0.23137255,0.3254902,0.36078432,0.45490196,0.54509807,0.6,0.6431373,0.5882353,0.47843137,0.49411765,0.47843137,0.46666667,0.53333336,0.6039216,0.61960787,0.6156863,0.627451,0.6039216,0.57254905,0.5568628,0.5058824,0.5294118,0.49803922,0.41960785,0.43137255,0.45490196,0.44313726,0.45882353,0.23137255,0.3019608,0.39215687,0.57254905,0.49803922,0.41568628,0.40392157,0.48235294,0.5137255,0.5176471,0.45490196,0.4117647,0.5019608,0.5921569,0.6156863,0.6313726,0.59607846,0.54901963,0.5764706,0.56078434,0.5568628,0.6117647,0.5372549,0.4745098,0.46666667,0.49019608,0.5686275,0.5764706,0.3647059,0.45882353,0.5019608,0.43529412,0.48235294,0.37254903,0.2901961,0.4,0.5137255,0.50980395,0.45882353,0.4117647,0.43137255,0.49411765,0.49803922,0.5372549,0.60784316,0.627451,0.5372549,0.5921569,0.5647059,0.6392157,0.54509807,0.39215687,0.40392157,0.4509804,0.5019608,0.5294118,0.59607846,0.57254905,0.3647059,0.23921569,0.3647059,0.49019608,0.49803922,0.5137255,0.5058824,0.44313726,0.43529412,0.36862746,0.38039216,0.44313726,0.49411765,0.50980395,0.53333336,0.5882353,0.5803922,0.5921569,0.6117647,0.5568628,0.5294118,0.4117647,0.34117648,0.40392157,0.44705883,0.5294118,0.5176471,0.5254902,0.4745098,0.45882353,0.49019608,0.53333336,0.56078434,0.54509807,0.42352942,0.3137255,0.33333334,0.3764706,0.3529412,0.43137255,0.50980395,0.4627451,0.37254903,0.38039216,0.5137255,0.5882353,0.5882353,0.5176471,0.53333336,0.5058824,0.3882353,0.44705883,0.50980395,0.5058824,0.32941177,0.34901962,0.4117647,0.44313726,0.45490196,0.39607844,0.36862746,0.42352942,0.43137255,0.41960785,0.37254903,0.29803923,0.31764707,0.40392157,0.44313726,0.4,0.39215687,0.39607844,0.38039216,0.37254903,0.3882353,0.37254903,0.34901962,0.46666667,0.47843137,0.36862746,0.39215687,0.47058824,0.30980393,0.24313726,0.23137255,0.3254902,0.45490196,0.38431373,0.32156864,0.33333334,0.34509805,0.3647059,0.34117648,0.29803923,0.29803923,0.35686275,0.38431373,0.39607844,0.45490196,0.45490196,0.4745098,0.4,0.36862746,0.39215687,0.42352942,0.48235294,0.4,0.25882354,0.29411766,0.44313726,0.23529412,0.19607843,0.22745098,0.3372549,0.3647059,0.29411766,0.28235295,0.30980393,0.27058825,0.2901961,0.27450982,0.24313726,0.23921569,0.2784314,0.27058825,0.2784314,0.34117648,0.35686275,0.4117647,0.36078432,0.32941177,0.3764706,0.39607844,0.37254903,0.33333334,0.36862746,0.34117648,0.3764706,0.21176471,0.24705882,0.24313726,0.23921569,0.24313726,0.28235295,0.35686275,0.26666668,0.21568628,0.23137255,0.23137255,0.22352941,0.2,0.19607843,0.21960784,0.22745098,0.2627451,0.30588236,0.29411766,0.25490198,0.27450982,0.34509805,0.36862746,0.40392157,0.43529412,0.41960785,0.36862746,0.39215687,0.10980392,0.11764706,0.10980392,0.12941177,0.16470589,0.21960784,0.26666668,0.2509804,0.22352941,0.24705882,0.21568628,0.19215687,0.1764706,0.1764706,0.18431373,0.16862746,0.21568628,0.2627451,0.25490198,0.2901961,0.36862746,0.43137255,0.44705883,0.48235294,0.4392157,0.3882353,0.3254902,0.34117648,0.047058824,0.06666667,0.05882353,0.06666667,0.09411765,0.15686275,0.20392157,0.22352941,0.20392157,0.17254902,0.17254902,0.1882353,0.1882353,0.19215687,0.20784314,0.21960784,0.22352941,0.25882354,0.23529412,0.2627451,0.37254903,0.4392157,0.45490196,0.4627451,0.41960785,0.39215687,0.36078432,0.3529412,0.06666667,0.050980393,0.043137256,0.07450981,0.11764706,0.16078432,0.18039216,0.18039216,0.16078432,0.16470589,0.22352941,0.25490198,0.23529412,0.24705882,0.23137255,0.22352941,0.21960784,0.21960784,0.22745098,0.24705882,0.30588236,0.37254903,0.4117647,0.4745098,0.43529412,0.4,0.37254903,0.30980393,0.31764707,0.28627452,0.19607843,0.15294118,0.12941177,0.14117648,0.16862746,0.16470589,0.1882353,0.24313726,0.23921569,0.23921569,0.22352941,0.21176471,0.18431373,0.20392157,0.21176471,0.20392157,0.20784314,0.27450982,0.31764707,0.30588236,0.28627452,0.32156864,0.31764707,0.34117648,0.3019608,0.23921569,0.2,0.20784314,0.16862746,0.16470589,0.11372549,0.105882354,0.14117648,0.12941177,0.16470589,0.20392157,0.21568628,0.23529412,0.22745098,0.23137255,0.20392157,0.2,0.18039216,0.17254902,0.19215687,0.25490198,0.31764707,0.34901962,0.32156864,0.30980393,0.28627452,0.24705882,0.22352941,0.18039216,0.19607843,0.18431373,0.16470589,0.13333334,0.08627451,0.09411765,0.12156863,0.12156863,0.15686275,0.16862746,0.1882353,0.19215687,0.16470589,0.14509805,0.13333334,0.12941177,0.1254902,0.14509805,0.16470589,0.2,0.23529412,0.22352941,0.20392157,0.2,0.19215687,0.1764706,0.16078432,0.14117648,0.05882353,0.05882353,0.050980393,0.043137256,0.03529412,0.050980393,0.0627451,0.08235294,0.09803922,0.10980392,0.11764706,0.12156863,0.09019608,0.08235294,0.07058824,0.06666667,0.07058824,0.09019608,0.09803922,0.12941177,0.1764706,0.16862746,0.16078432,0.14509805,0.13725491,0.11372549,0.09411765,0.08627451,0.039215688,0.039215688,0.039215688,0.03137255,0.03529412,0.039215688,0.047058824,0.05490196,0.07450981,0.08627451,0.09019608,0.078431375,0.05490196,0.043137256,0.03529412,0.039215688,0.039215688,0.043137256,0.05490196,0.08627451,0.11372549,0.12156863,0.11372549,0.11372549,0.09019608,0.08627451,0.101960786,0.09411765,0.047058824,0.047058824,0.03529412,0.03529412,0.03137255,0.03137255,0.039215688,0.047058824,0.0627451,0.07058824,0.06666667,0.047058824,0.03529412,0.03137255,0.02745098,0.02745098,0.02745098,0.03137255,0.03529412,0.050980393,0.07058824,0.08627451,0.07450981,0.07450981,0.09411765,0.1254902,0.15294118,0.16470589,0.039215688,0.039215688,0.03529412,0.03137255,0.03137255,0.03529412,0.043137256,0.050980393,0.05882353,0.05882353,0.050980393,0.03529412,0.03529412,0.03529412,0.03137255,0.02745098,0.03137255,0.03529412,0.039215688,0.043137256,0.05882353,0.06666667,0.07450981,0.08627451,0.13725491,0.14901961,0.1254902,0.105882354,0.03529412,0.03137255,0.03529412,0.047058824,0.050980393,0.050980393,0.047058824,0.047058824,0.050980393,0.047058824,0.03529412,0.03529412,0.03137255,0.03137255,0.03137255,0.02745098,0.03529412,0.039215688,0.039215688,0.047058824,0.0627451,0.078431375,0.101960786,0.101960786,0.09803922,0.08235294,0.078431375,0.0627451,0.047058824,0.050980393,0.05882353,0.05490196,0.05882353,0.05882353,0.050980393,0.050980393,0.047058824,0.043137256,0.043137256,0.047058824,0.043137256,0.039215688,0.039215688,0.03529412,0.039215688,0.047058824,0.05490196,0.0627451,0.08627451,0.105882354,0.12941177,0.09411765,0.07058824,0.06666667,0.05882353,0.05490196,0.05882353,0.050980393,0.05490196,0.047058824,0.050980393,0.050980393,0.05490196,0.05490196,0.05490196,0.050980393,0.047058824,0.047058824,0.047058824,0.047058824,0.043137256,0.043137256,0.047058824,0.047058824,0.05490196,0.05490196,0.06666667,0.07058824,0.078431375,0.078431375,0.07058824,0.05882353,0.05882353,0.05490196,0.05490196,0.05490196,0.05490196,0.050980393,0.05882353,0.050980393,0.05490196,0.05882353,0.05882353,0.05490196,0.050980393,0.05490196,0.05490196,0.050980393,0.05490196,0.050980393,0.050980393,0.05490196,0.05490196,0.05490196,0.05490196,0.06666667,0.07450981,0.07058824,0.0627451,0.0627451,0.0627451,0.0627451,0.05882353,0.05490196,0.05490196,0.050980393,0.05490196,0.05882353,0.0627451,0.0627451,0.05882353,0.05490196,0.05490196,0.05882353,0.05490196,0.05490196,0.05882353,0.05882353,0.05882353,0.05490196,0.05882353,0.0627451,0.05882353,0.0627451,0.07058824,0.06666667,0.06666667,0.0627451,0.0627451,0.0627451,0.050980393,0.05490196,0.05490196,0.05490196,0.05882353,0.0627451,0.07058824,0.06666667,0.07058824,0.0627451,0.0627451,0.05882353,0.05882353,0.05490196,0.05882353,0.05882353,0.05882353,0.05490196,0.05882353,0.0627451,0.0627451,0.05882353,0.06666667,0.05882353,0.05882353,0.05490196,0.05882353,0.0627451
1,0.7490196,0.70980394,0.6901961,0.7294118,0.7294118,0.68235296,0.69411767,0.69803923,0.6862745,0.6901961,0.7294118,0.7254902,0.73333335,0.7137255,0.7019608,0.67058825,0.6901961,0.7137255,0.6901961,0.6627451,0.7019608,0.7647059,0.7647059,0.7411765,0.72156864,0.7176471,0.7372549,0.7529412,0.6156863,0.63529414,0.6313726,0.63529414,0.64705884,0.6784314,0.69411767,0.7137255,0.7137255,0.69803923,0.6784314,0.6666667,0.6666667,0.6392157,0.6392157,0.61960787,0.627451,0.5882353,0.5411765,0.5568628,0.5921569,0.6,0.56078434,0.59607846,0.627451,0.62352943,0.63529414,0.60784316,0.6313726,0.5686275,0.5254902,0.52156866,0.5568628,0.6,0.6,0.5686275,0.5803922,0.65882355,0.5882353,0.52156866,0.49411765,0.5294118,0.5372549,0.58431375,0.63529414,0.5529412,0.5372549,0.5372549,0.5647059,0.57254905,0.5294118,0.5254902,0.53333336,0.5294118,0.5686275,0.58431375,0.6745098,0.7529412,0.62352943,0.50980395,0.50980395,0.5176471,0.53333336,0.50980395,0.54509807,0.627451,0.5686275,0.5294118,0.5019608,0.5176471,0.54509807,0.54509807,0.57254905,0.5529412,0.56078434,0.56078434,0.64705884,0.69411767,0.6156863,0.6156863,0.654902,0.65882355,0.6431373,0.64705884,0.56078434,0.64705884,0.7411765,0.63529414,0.54901963,0.56078434,0.5882353,0.5647059,0.5647059,0.57254905,0.56078434,0.5764706,0.6156863,0.65882355,0.65882355,0.60784316,0.6039216,0.61960787,0.6509804,0.65882355,0.6784314,0.6666667,0.6431373,0.59607846,0.61960787,0.69803923,0.7529412,0.8235294,0.6901961,0.6901961,0.69411767,0.74509805,0.80784315,0.7411765,0.75686276,0.7372549,0.68235296,0.6156863,0.61960787,0.69411767,0.7372549,0.7490196,0.8,0.76862746,0.67058825,0.69411767,0.68235296,0.62352943,0.5882353,0.6117647,0.6509804,0.6509804,0.6509804,0.64705884,0.61960787,0.7058824,0.9098039,0.9254902,0.9490196,0.90588236,0.8627451,0.89411765,0.9019608,0.92941177,0.8352941,0.7647059,0.8117647,0.7882353,0.7490196,0.81960785,0.8235294,0.83137256,0.6784314,0.52156866,0.4392157,0.43529412,0.5019608,0.6627451,0.7411765,0.76862746,0.81960785,0.84313726,0.7254902,0.7411765,0.8627451,0.80784315,0.84313726,0.8509804,0.8666667,0.8666667,0.88235295,0.92156863,0.8509804,0.83137256,0.79607844,0.7607843,0.7490196,0.7372549,0.6745098,0.6392157,0.3764706,0.28627452,0.25882354,0.23921569,0.27058825,0.5803922,0.8745098,0.91764706,0.91764706,0.8509804,0.78039217,0.84313726,0.6392157,0.6627451,0.7137255,0.7176471,0.7176471,0.7607843,0.7372549,0.7058824,0.7411765,0.7254902,0.78039217,0.8,0.7294118,0.6156863,0.54901963,0.5294118,0.35686275,0.25882354,0.23137255,0.2784314,0.26666668,0.40392157,0.7019608,0.8117647,0.85490197,0.8039216,0.74509805,0.7490196,0.49019608,0.49803922,0.5529412,0.62352943,0.6666667,0.69411767,0.64705884,0.63529414,0.5921569,0.5529412,0.5647059,0.5529412,0.5764706,0.6039216,0.5019608,0.44313726,0.5647059,0.62352943,0.5568628,0.6431373,0.75686276,0.827451,0.73333335,0.74509805,0.78039217,0.7490196,0.7294118,0.7254902,0.41960785,0.4117647,0.4627451,0.5294118,0.6156863,0.5882353,0.6117647,0.6,0.53333336,0.49803922,0.5019608,0.4745098,0.50980395,0.5254902,0.54901963,0.48235294,0.5411765,0.73333335,0.7647059,0.80784315,0.85490197,0.8,0.69411767,0.64705884,0.6431373,0.627451,0.60784316,0.5921569,0.47058824,0.5137255,0.57254905,0.57254905,0.5176471,0.47843137,0.4745098,0.48235294,0.49019608,0.48235294,0.49803922,0.52156866,0.62352943,0.63529414,0.61960787,0.61960787,0.6392157,0.7137255,0.7882353,0.8,0.8117647,0.78039217,0.60784316,0.50980395,0.48235294,0.43529412,0.40392157,0.39215687,0.5372549,0.5647059,0.59607846,0.6156863,0.6392157,0.5764706,0.52156866,0.48235294,0.50980395,0.5176471,0.52156866,0.5686275,0.5882353,0.56078434,0.48235294,0.44705883,0.5137255,0.6431373,0.74509805,0.7019608,0.6666667,0.5803922,0.5254902,0.52156866,0.53333336,0.5294118,0.47843137,0.46666667,0.5568628,0.60784316,0.6745098,0.6901961,0.6862745,0.68235296,0.63529414,0.5921569,0.6039216,0.60784316,0.62352943,0.60784316,0.5529412,0.50980395,0.47058824,0.45882353,0.49411765,0.56078434,0.6039216,0.6509804,0.62352943,0.5882353,0.5764706,0.5764706,0.6,0.63529414,0.6392157,0.6117647,0.44705883,0.4745098,0.5803922,0.6431373,0.61960787,0.5921569,0.54901963,0.5529412,0.60784316,0.654902,0.69411767,0.7058824,0.7019608,0.72156864,0.6509804,0.59607846,0.6313726,0.7411765,0.7137255,0.73333335,0.69411767,0.6627451,0.6745098,0.6862745,0.73333335,0.75686276,0.69803923,0.6039216,0.34509805,0.37254903,0.43529412,0.5058824,0.5137255,0.47843137,0.4509804,0.42352942,0.46666667,0.49411765,0.50980395,0.58431375,0.6156863,0.58431375,0.5372549,0.57254905,0.6509804,0.70980394,0.6745098,0.6627451,0.627451,0.5882353,0.6,0.56078434,0.5568628,0.5882353,0.57254905,0.5058824,0.29803923,0.28235295,0.26666668,0.2901961,0.3019608,0.34117648,0.4509804,0.45882353,0.44705883,0.4509804,0.4392157,0.4745098,0.5137255,0.4862745,0.50980395,0.5686275,0.6431373,0.6627451,0.6666667,0.6431373,0.5372549,0.47058824,0.5019608,0.5176471,0.5568628,0.5921569,0.5921569,0.5647059,0.20784314,0.22745098,0.23137255,0.23921569,0.21568628,0.22352941,0.29411766,0.34901962,0.39215687,0.4117647,0.44705883,0.45490196,0.53333336,0.5294118,0.5019608,0.4745098,0.50980395,0.57254905,0.6156863,0.6117647,0.5176471,0.43529412,0.41960785,0.43529412,0.5176471,0.5411765,0.52156866,0.6117647,0.16078432,0.18431373,0.2,0.1882353,0.16470589,0.16862746,0.21568628,0.27450982,0.34117648,0.41568628,0.4627451,0.5019608,0.5176471,0.5372549,0.5882353,0.62352943,0.6313726,0.58431375,0.60784316,0.63529414,0.6156863,0.57254905,0.5921569,0.5803922,0.5764706,0.54509807,0.5058824,0.45882353,0.11372549,0.12156863,0.1254902,0.11764706,0.11372549,0.1254902,0.16470589,0.25882354,0.34117648,0.39215687,0.44705883,0.5019608,0.5568628,0.5686275,0.5803922,0.64705884,0.70980394,0.68235296,0.6784314,0.6627451,0.6156863,0.5686275,0.5372549,0.5529412,0.49411765,0.4,0.36862746,0.34117648,0.101960786,0.09803922,0.101960786,0.09019608,0.09803922,0.12941177,0.16470589,0.2627451,0.34901962,0.4,0.44705883,0.45882353,0.44313726,0.42352942,0.39607844,0.39607844,0.43529412,0.4627451,0.50980395,0.5019608,0.4862745,0.49411765,0.49803922,0.5176471,0.54901963,0.5058824,0.40392157,0.3137255,0.09803922,0.09019608,0.08627451,0.09411765,0.11764706,0.1882353,0.24313726,0.36862746,0.39607844,0.36862746,0.33333334,0.3137255,0.32156864,0.31764707,0.30588236,0.34901962,0.4117647,0.44705883,0.4627451,0.39607844,0.35686275,0.34509805,0.3764706,0.40784314,0.43529412,0.3882353,0.31764707,0.25490198,0.09411765,0.08627451,0.07450981,0.078431375,0.11372549,0.13725491,0.2,0.2509804,0.2627451,0.25490198,0.2509804,0.24705882,0.2509804,0.25882354,0.27450982,0.32156864,0.35686275,0.36078432,0.3647059,0.3372549,0.3019608,0.2901961,0.32156864,0.3372549,0.33333334,0.30980393,0.27058825,0.23529412,0.08627451,0.07450981,0.07058824,0.07450981,0.08235294,0.09803922,0.13333334,0.18431373,0.20392157,0.2,0.20392157,0.20392157,0.21568628,0.22745098,0.2627451,0.34901962,0.38431373,0.3647059,0.34901962,0.31764707,0.28627452,0.27450982,0.28235295,0.27450982,0.27058825,0.25490198,0.22745098,0.21960784,0.078431375,0.07450981,0.07058824,0.078431375,0.07450981,0.09019608,0.11372549,0.13725491,0.16862746,0.17254902,0.1764706,0.18431373,0.18431373,0.2,0.21568628,0.25490198,0.2901961,0.29803923,0.2901961,0.27450982,0.2627451,0.23529412,0.23137255,0.21568628,0.21568628,0.21176471,0.19607843,0.18039216,0.08627451,0.078431375,0.07450981,0.078431375,0.078431375,0.09019608,0.09411765,0.11764706,0.1254902,0.13725491,0.15294118,0.16078432,0.15686275,0.16862746,0.18431373,0.20784314,0.23137255,0.24313726,0.24313726,0.24313726,0.22352941,0.2,0.19215687,0.18431373,0.18431373,0.1764706,0.17254902,0.16862746,0.08235294,0.078431375,0.07450981,0.07450981,0.07450981,0.08235294,0.08627451,0.09803922,0.105882354,0.12156863,0.1254902,0.12941177,0.12941177,0.13725491,0.15686275,0.18039216,0.22745098,0.24313726,0.24705882,0.23921569,0.20784314,0.18431373,0.16470589,0.16078432,0.16078432,0.15294118,0.14901961,0.14901961,0.078431375,0.078431375,0.07450981,0.07058824,0.07058824,0.07058824,0.07058824,0.08235294,0.09411765,0.09803922,0.101960786,0.101960786,0.101960786,0.11372549,0.13333334,0.15686275,0.18431373,0.19607843,0.20784314,0.1882353,0.16470589,0.14901961,0.14117648,0.13333334,0.13333334,0.12941177,0.12941177,0.1254902
0,0.44705883,0.44705883,0.44705883,0.43137255,0.44705883,0.45490196,0.42352942,0.41960785,0.41568628,0.40784314,0.40784314,0.3764706,0.39607844,0.44313726,0.4392157,0.43529412,0.43137255,0.47058824,0.44705883,0.4392157,0.44705883,0.4745098,0.5372549,0.49411765,0.48235294,0.4862745,0.49411765,0.46666667,0.4745098,0.47058824,0.4745098,0.4627451,0.49411765,0.49803922,0.46666667,0.4509804,0.44705883,0.43529412,0.41568628,0.3882353,0.36862746,0.39607844,0.4627451,0.54901963,0.53333336,0.49803922,0.5176471,0.54901963,0.5254902,0.49411765,0.50980395,0.5254902,0.49411765,0.5058824,0.5058824,0.49019608,0.5294118,0.49019608,0.49803922,0.5137255,0.5568628,0.54901963,0.5254902,0.5019608,0.49411765,0.48235294,0.47843137,0.44313726,0.38431373,0.40784314,0.54901963,0.5803922,0.5686275,0.56078434,0.54509807,0.5254902,0.5058824,0.4862745,0.5058824,0.5137255,0.5137255,0.5411765,0.5411765,0.5254902,0.54901963,0.5568628,0.5176471,0.53333336,0.57254905,0.5686275,0.5647059,0.56078434,0.5372549,0.5254902,0.5019608,0.49019608,0.45882353,0.5254902,0.5803922,0.5294118,0.5137255,0.5254902,0.49019608,0.45882353,0.44313726,0.4627451,0.49411765,0.53333336,0.56078434,0.5647059,0.5529412,0.5529412,0.5529412,0.5882353,0.5686275,0.54509807,0.54901963,0.54901963,0.5568628,0.5921569,0.5686275,0.5058824,0.5019608,0.6117647,0.57254905,0.5529412,0.49411765,0.42352942,0.42352942,0.49411765,0.4509804,0.40784314,0.41960785,0.47058824,0.5019608,0.5372549,0.54509807,0.5411765,0.5529412,0.5529412,0.52156866,0.5529412,0.6039216,0.5764706,0.53333336,0.5137255,0.5058824,0.53333336,0.5568628,0.5254902,0.5647059,0.627451,0.63529414,0.5803922,0.44313726,0.33333334,0.34509805,0.4509804,0.47058824,0.41568628,0.40392157,0.45490196,0.49803922,0.5058824,0.50980395,0.5058824,0.5137255,0.5058824,0.58431375,0.5803922,0.6313726,0.6509804,0.6039216,0.5647059,0.5294118,0.5647059,0.6627451,0.69803923,0.6509804,0.54901963,0.5137255,0.46666667,0.3529412,0.28235295,0.29803923,0.39607844,0.5058824,0.5372549,0.5294118,0.49411765,0.48235294,0.4745098,0.4862745,0.49019608,0.49019608,0.4862745,0.63529414,0.7058824,0.6431373,0.6039216,0.69411767,0.7176471,0.7019608,0.7137255,0.7647059,0.76862746,0.65882355,0.49411765,0.49019608,0.40784314,0.30588236,0.2509804,0.21176471,0.27450982,0.36862746,0.41960785,0.4862745,0.5411765,0.5686275,0.58431375,0.58431375,0.5686275,0.5411765,0.6,0.7176471,0.6509804,0.59607846,0.64705884,0.73333335,0.8235294,0.8509804,0.827451,0.7921569,0.7529412,0.627451,0.48235294,0.50980395,0.4509804,0.3254902,0.2,0.13725491,0.14117648,0.1882353,0.2509804,0.31764707,0.3647059,0.38431373,0.4509804,0.5254902,0.6,0.654902,0.7607843,0.64705884,0.5411765,0.61960787,0.6784314,0.827451,0.8666667,0.8352941,0.76862746,0.6745098,0.59607846,0.50980395,0.4117647,0.34901962,0.27058825,0.18039216,0.12156863,0.11764706,0.14117648,0.16862746,0.20392157,0.26666668,0.38039216,0.44313726,0.49803922,0.44313726,0.46666667,0.5803922,0.54901963,0.60784316,0.5803922,0.69411767,0.75686276,0.81960785,0.81960785,0.7058824,0.5764706,0.4745098,0.4745098,0.43137255,0.34901962,0.28627452,0.2,0.13725491,0.101960786,0.11764706,0.15686275,0.21176471,0.28235295,0.3529412,0.3764706,0.4,0.42745098,0.3764706,0.41960785,0.49411765,0.40392157,0.48235294,0.45490196,0.4745098,0.49803922,0.5803922,0.5882353,0.60784316,0.5921569,0.4509804,0.34901962,0.24705882,0.19215687,0.21960784,0.18431373,0.16862746,0.105882354,0.09803922,0.14901961,0.2509804,0.32941177,0.38039216,0.3529412,0.26666668,0.22745098,0.28627452,0.38431373,0.37254903,0.3254902,0.3647059,0.3372549,0.29411766,0.31764707,0.32941177,0.3764706,0.4509804,0.52156866,0.4745098,0.32156864,0.19607843,0.13333334,0.1882353,0.17254902,0.14901961,0.09803922,0.09411765,0.17254902,0.25882354,0.30980393,0.29411766,0.22352941,0.16078432,0.14901961,0.22745098,0.32156864,0.3019608,0.24313726,0.26666668,0.23137255,0.23137255,0.24313726,0.28627452,0.30588236,0.3764706,0.3764706,0.29803923,0.21568628,0.14117648,0.105882354,0.13333334,0.11764706,0.09411765,0.08235294,0.08627451,0.15294118,0.19215687,0.2,0.15686275,0.12941177,0.105882354,0.15686275,0.3372549,0.3647059,0.23137255,0.1882353,0.1882353,0.18039216,0.18431373,0.18431373,0.23921569,0.2784314,0.2784314,0.28627452,0.24313726,0.19215687,0.15686275,0.16078432,0.18039216,0.15686275,0.12156863,0.09803922,0.078431375,0.08627451,0.09019608,0.09803922,0.11372549,0.13333334,0.14901961,0.2,0.32941177,0.37254903,0.22352941,0.12941177,0.14509805,0.19215687,0.21568628,0.24313726,0.2901961,0.2627451,0.23921569,0.25490198,0.2627451,0.2509804,0.2,0.19607843,0.16078432,0.13725491,0.07058824,0.05490196,0.07450981,0.078431375,0.05882353,0.07058824,0.09803922,0.13333334,0.14901961,0.21568628,0.29411766,0.29803923,0.23921569,0.22352941,0.24313726,0.25882354,0.26666668,0.29803923,0.3529412,0.30980393,0.30588236,0.3137255,0.33333334,0.26666668,0.18431373,0.12941177,0.050980393,0.039215688,0.03137255,0.03529412,0.05882353,0.06666667,0.09411765,0.15294118,0.2,0.23921569,0.22352941,0.29411766,0.3529412,0.36078432,0.29803923,0.22745098,0.28627452,0.29411766,0.2784314,0.25490198,0.26666668,0.24313726,0.26666668,0.2627451,0.25882354,0.1882353,0.10980392,0.050980393,0.05882353,0.05882353,0.050980393,0.047058824,0.07058824,0.08235294,0.13333334,0.1764706,0.20784314,0.23921569,0.2509804,0.2901961,0.29803923,0.2901961,0.19607843,0.12941177,0.1882353,0.21568628,0.20392157,0.20784314,0.20784314,0.18039216,0.23529412,0.21568628,0.19215687,0.14117648,0.10980392,0.08235294,0.07058824,0.05490196,0.043137256,0.050980393,0.09019608,0.13725491,0.1882353,0.19607843,0.2,0.22352941,0.2509804,0.24313726,0.23137255,0.19215687,0.11764706,0.08235294,0.15686275,0.13725491,0.12156863,0.13333334,0.12941177,0.11372549,0.15686275,0.14509805,0.11764706,0.09803922,0.09803922,0.05882353,0.03137255,0.023529412,0.03137255,0.043137256,0.078431375,0.09803922,0.13333334,0.14509805,0.14509805,0.18431373,0.20392157,0.19607843,0.18431373,0.16078432,0.11764706,0.09411765,0.15686275,0.14509805,0.11764706,0.11372549,0.12156863,0.12156863,0.15686275,0.15294118,0.16078432,0.15686275,0.14901961,0.08627451,0.05490196,0.015686275,0.015686275,0.019607844,0.050980393,0.078431375,0.10980392,0.14901961,0.17254902,0.22352941,0.2,0.1764706,0.16470589,0.12941177,0.09411765,0.07058824,0.19607843,0.23137255,0.26666668,0.24705882,0.18039216,0.15294118,0.16862746,0.16078432,0.16470589,0.15294118,0.11764706,0.08235294,0.07450981,0.043137256,0.03529412,0.047058824,0.05882353,0.07058824,0.09019608,0.12156863,0.1254902,0.14509805,0.11764706,0.10980392,0.09803922,0.07450981,0.050980393,0.03137255,0.20392157,0.21568628,0.22745098,0.27450982,0.23529412,0.19215687,0.1882353,0.2,0.17254902,0.16862746,0.13725491,0.09019608,0.101960786,0.078431375,0.06666667,0.09019608,0.09803922,0.10980392,0.11764706,0.12156863,0.1254902,0.1254902,0.09803922,0.08627451,0.07450981,0.05882353,0.050980393,0.043137256,0.2784314,0.2784314,0.2901961,0.29803923,0.26666668,0.25882354,0.27058825,0.25882354,0.21960784,0.18431373,0.16862746,0.14117648,0.13333334,0.09803922,0.08235294,0.09411765,0.08235294,0.08235294,0.08235294,0.101960786,0.101960786,0.09803922,0.101960786,0.10980392,0.08627451,0.078431375,0.06666667,0.07058824,0.3137255,0.3529412,0.3882353,0.3529412,0.3019608,0.26666668,0.2627451,0.23529412,0.21960784,0.18039216,0.14509805,0.10980392,0.078431375,0.05882353,0.043137256,0.050980393,0.05490196,0.047058824,0.05490196,0.0627451,0.07058824,0.078431375,0.09803922,0.10980392,0.09019608,0.08627451,0.08235294,0.09803922,0.33333334,0.31764707,0.3254902,0.30588236,0.2627451,0.20784314,0.21960784,0.21176471,0.2,0.16862746,0.15294118,0.12156863,0.09019608,0.08235294,0.078431375,0.05882353,0.0627451,0.07058824,0.07450981,0.105882354,0.11764706,0.1254902,0.1254902,0.13333334,0.11764706,0.11764706,0.15686275,0.2,0.36078432,0.37254903,0.3529412,0.3019608,0.25882354,0.21960784,0.2,0.22745098,0.23529412,0.1882353,0.16078432,0.1254902,0.105882354,0.09803922,0.09411765,0.09803922,0.09803922,0.11764706,0.12156863,0.14901961,0.12941177,0.13333334,0.14509805,0.1882353,0.19607843,0.21176471,0.22745098,0.23921569,0.34117648,0.3529412,0.30588236,0.25490198,0.21960784,0.20392157,0.19215687,0.16470589,0.18039216,0.17254902,0.12941177,0.10980392,0.09411765,0.101960786,0.08235294,0.078431375,0.09411765,0.11372549,0.13725491,0.15686275,0.16862746,0.19215687,0.20784314,0.23529412,0.2627451,0.2784314,0.23529412,0.22745098
1,0.7529412,0.7607843,0.7372549,0.73333335,0.7372549,0.7529412,0.7764706,0.7411765,0.7254902,0.68235296,0.69411767,0.69411767,0.69803923,0.70980394,0.7372549,0.7294118,0.7294118,0.75686276,0.7647059,0.7058824,0.70980394,0.69803923,0.68235296,0.68235296,0.72156864,0.7254902,0.7294118,0.7254902,0.6313726,0.5882353,0.5372549,0.5411765,0.60784316,0.62352943,0.6156863,0.62352943,0.62352943,0.58431375,0.62352943,0.627451,0.63529414,0.654902,0.6901961,0.68235296,0.63529414,0.5921569,0.5803922,0.54509807,0.58431375,0.58431375,0.60784316,0.62352943,0.627451,0.6627451,0.63529414,0.5882353,0.52156866,0.5921569,0.56078434,0.48235294,0.4745098,0.47058824,0.45882353,0.45490196,0.4392157,0.43529412,0.46666667,0.49019608,0.52156866,0.63529414,0.6666667,0.627451,0.6509804,0.60784316,0.5921569,0.6117647,0.61960787,0.61960787,0.64705884,0.6627451,0.63529414,0.627451,0.5803922,0.53333336,0.6039216,0.6,0.5882353,0.62352943,0.5921569,0.60784316,0.57254905,0.5529412,0.5411765,0.5372549,0.5254902,0.50980395,0.49803922,0.49803922,0.5529412,0.52156866,0.5764706,0.5921569,0.5882353,0.5019608,0.5176471,0.5764706,0.5372549,0.5019608,0.5137255,0.52156866,0.47058824,0.5372549,0.5568628,0.54901963,0.52156866,0.5764706,0.49803922,0.5176471,0.50980395,0.5058824,0.49803922,0.52156866,0.50980395,0.43137255,0.34901962,0.36078432,0.43137255,0.42745098,0.42745098,0.39215687,0.39215687,0.39215687,0.49019608,0.4509804,0.4117647,0.37254903,0.38039216,0.41960785,0.4117647,0.44705883,0.41960785,0.49411765,0.56078434,0.5254902,0.45882353,0.46666667,0.4862745,0.5254902,0.5294118,0.5647059,0.5176471,0.4392157,0.40392157,0.42352942,0.39215687,0.36078432,0.33333334,0.4,0.45490196,0.41568628,0.45882353,0.44705883,0.37254903,0.34509805,0.41960785,0.3647059,0.32941177,0.3529412,0.40784314,0.4627451,0.4392157,0.41960785,0.49411765,0.5254902,0.56078434,0.5529412,0.5019608,0.50980395,0.47058824,0.45882353,0.47843137,0.4392157,0.43137255,0.44705883,0.42745098,0.4392157,0.44705883,0.42352942,0.4117647,0.4117647,0.36078432,0.39607844,0.3882353,0.41568628,0.38039216,0.34117648,0.40784314,0.3137255,0.39607844,0.4392157,0.45882353,0.43529412,0.4627451,0.54901963,0.5411765,0.47058824,0.44705883,0.4392157,0.45490196,0.47058824,0.4509804,0.4509804,0.4,0.40784314,0.42352942,0.42745098,0.3764706,0.39215687,0.42745098,0.3882353,0.29411766,0.32156864,0.3254902,0.25490198,0.25882354,0.34117648,0.40784314,0.43529412,0.44705883,0.4,0.45490196,0.5176471,0.54901963,0.5568628,0.5372549,0.5019608,0.47058824,0.3882353,0.3882353,0.3882353,0.34509805,0.3372549,0.40784314,0.42745098,0.3764706,0.38039216,0.4117647,0.42352942,0.3372549,0.29803923,0.28627452,0.2627451,0.2509804,0.38039216,0.45882353,0.4509804,0.4392157,0.43137255,0.50980395,0.5411765,0.5254902,0.5058824,0.45490196,0.43529412,0.4,0.3529412,0.3882353,0.37254903,0.34117648,0.3372549,0.3529412,0.38039216,0.3529412,0.3882353,0.40784314,0.32941177,0.2784314,0.3019608,0.30980393,0.34509805,0.34509805,0.4627451,0.4862745,0.44705883,0.4509804,0.4627451,0.49411765,0.5176471,0.4862745,0.4392157,0.3882353,0.43529412,0.45882353,0.42352942,0.41960785,0.41568628,0.3647059,0.29803923,0.3019608,0.38431373,0.42745098,0.41568628,0.3647059,0.31764707,0.32156864,0.3647059,0.40392157,0.40784314,0.32156864,0.43529412,0.41568628,0.40392157,0.43529412,0.50980395,0.57254905,0.5568628,0.5372549,0.49803922,0.49019608,0.49803922,0.38039216,0.32941177,0.36078432,0.3764706,0.40784314,0.4,0.45490196,0.49019608,0.45490196,0.43529412,0.41568628,0.4117647,0.40392157,0.4392157,0.45490196,0.37254903,0.33333334,0.41568628,0.44313726,0.42745098,0.41960785,0.45882353,0.5254902,0.5411765,0.57254905,0.5686275,0.52156866,0.5019608,0.4627451,0.42745098,0.49411765,0.5019608,0.4862745,0.47058824,0.47843137,0.47058824,0.41960785,0.41960785,0.48235294,0.4627451,0.43137255,0.43529412,0.44313726,0.43529412,0.35686275,0.38039216,0.40784314,0.45490196,0.4509804,0.4627451,0.50980395,0.5411765,0.5294118,0.49019608,0.4509804,0.46666667,0.5372549,0.49019608,0.47843137,0.50980395,0.5529412,0.5411765,0.5254902,0.5254902,0.53333336,0.5294118,0.52156866,0.4392157,0.41960785,0.39215687,0.37254903,0.46666667,0.4862745,0.4862745,0.46666667,0.4745098,0.4509804,0.47058824,0.5294118,0.5647059,0.4509804,0.36862746,0.3764706,0.41568628,0.46666667,0.4862745,0.5176471,0.54509807,0.5647059,0.54509807,0.54901963,0.56078434,0.56078434,0.50980395,0.5176471,0.52156866,0.52156866,0.49019608,0.46666667,0.5019608,0.38039216,0.34117648,0.41960785,0.50980395,0.50980395,0.49411765,0.47843137,0.45882353,0.42352942,0.4,0.42745098,0.47843137,0.5176471,0.5137255,0.49411765,0.5176471,0.5372549,0.5254902,0.5176471,0.49411765,0.5529412,0.5294118,0.42745098,0.49411765,0.5058824,0.49019608,0.49019608,0.45490196,0.3254902,0.34901962,0.44705883,0.54509807,0.54901963,0.5254902,0.48235294,0.43137255,0.43529412,0.5058824,0.5372549,0.5058824,0.45882353,0.48235294,0.4627451,0.47058824,0.4745098,0.50980395,0.45490196,0.4,0.49019608,0.49019608,0.45490196,0.44705883,0.4117647,0.4392157,0.41960785,0.3647059,0.45882353,0.5019608,0.54509807,0.56078434,0.61960787,0.65882355,0.5921569,0.5529412,0.5176471,0.52156866,0.54509807,0.54509807,0.5411765,0.49411765,0.4745098,0.47058824,0.47843137,0.4745098,0.4627451,0.4509804,0.41568628,0.49411765,0.46666667,0.44313726,0.42352942,0.4,0.3764706,0.32941177,0.28235295,0.3372549,0.40784314,0.47843137,0.5372549,0.5411765,0.54509807,0.49803922,0.4509804,0.43529412,0.43529412,0.4392157,0.42352942,0.39607844,0.38431373,0.43529412,0.46666667,0.5019608,0.5058824,0.47843137,0.4117647,0.44705883,0.40784314,0.38431373,0.4,0.43137255,0.4509804,0.40784314,0.28235295,0.3137255,0.3254902,0.39607844,0.44313726,0.42745098,0.39607844,0.42745098,0.47058824,0.4862745,0.43137255,0.39607844,0.41568628,0.44705883,0.38039216,0.44313726,0.45882353,0.44313726,0.42352942,0.42745098,0.39607844,0.41960785,0.4392157,0.41960785,0.4,0.3647059,0.30980393,0.2784314,0.22745098,0.25882354,0.30588236,0.3647059,0.36862746,0.3254902,0.3647059,0.3882353,0.36862746,0.3529412,0.29803923,0.25882354,0.3019608,0.36862746,0.3137255,0.32156864,0.35686275,0.3764706,0.37254903,0.39215687,0.40784314,0.41960785,0.44705883,0.33333334,0.2627451,0.23529412,0.23137255,0.22352941,0.19215687,0.18039216,0.18039216,0.23137255,0.25882354,0.25490198,0.29803923,0.30588236,0.27450982,0.24313726,0.19607843,0.18431373,0.2627451,0.3529412,0.4,0.38039216,0.38431373,0.4862745,0.5529412,0.5529412,0.5058824,0.49019608,0.4627451,0.3882353,0.30980393,0.3019608,0.34117648,0.3372549,0.1882353,0.21568628,0.30980393,0.40784314,0.50980395,0.5529412,0.59607846,0.5647059,0.52156866,0.40784314,0.36078432,0.39607844,0.45882353,0.39607844,0.34901962,0.28627452,0.2901961,0.33333334,0.3254902,0.33333334,0.32941177,0.2901961,0.2627451,0.23529412,0.20784314,0.23529412,0.2901961,0.29411766,0.2509804,0.33333334,0.47843137,0.50980395,0.49803922,0.45490196,0.44313726,0.40784314,0.37254903,0.34117648,0.33333334,0.32156864,0.36862746,0.35686275,0.2901961,0.22745098,0.21960784,0.21568628,0.2627451,0.29411766,0.2901961,0.25490198,0.23921569,0.16862746,0.13725491,0.14901961,0.18039216,0.18039216,0.39215687,0.3647059,0.29803923,0.3137255,0.32941177,0.34509805,0.38431373,0.3647059,0.36078432,0.35686275,0.3529412,0.32156864,0.30588236,0.3019608,0.27450982,0.2784314,0.2627451,0.21960784,0.23529412,0.25490198,0.2627451,0.22745098,0.21176471,0.14509805,0.18039216,0.32156864,0.3647059,0.3529412,0.3019608,0.24705882,0.18431373,0.22745098,0.25882354,0.2901961,0.34117648,0.28235295,0.32941177,0.4627451,0.54901963,0.5647059,0.56078434,0.5411765,0.50980395,0.4862745,0.3764706,0.22745098,0.16862746,0.17254902,0.18039216,0.16862746,0.14901961,0.1254902,0.14509805,0.20392157,0.24705882,0.26666668,0.25490198,0.1764706,0.14509805,0.20784314,0.22745098,0.2784314,0.39607844,0.28627452,0.23529412,0.31764707,0.3647059,0.3647059,0.3647059,0.3647059,0.32156864,0.28235295,0.21960784,0.15294118,0.13725491,0.13333334,0.14117648,0.12941177,0.10980392,0.101960786,0.10980392,0.18039216,0.21176471,0.20392157,0.2509804,0.14117648,0.12941177,0.16862746,0.19215687,0.21960784,0.25490198,0.21960784,0.20784314,0.29803923,0.33333334,0.33333334,0.33333334,0.33333334,0.3019608,0.24705882,0.19215687,0.12941177,0.11372549,0.11372549,0.12156863,0.105882354,0.09411765,0.09019608,0.09803922,0.15294118,0.1882353,0.19215687
1,0.5882353,0.5882353,0.5529412,0.54901963,0.5411765,0.5568628,0.59607846,0.6,0.5686275,0.53333336,0.57254905,0.6431373,0.63529414,0.6039216,0.6117647,0.59607846,0.61960787,0.65882355,0.654902,0.6117647,0.62352943,0.6431373,0.64705884,0.68235296,0.73333335,0.7372549,0.73333335,0.70980394,0.5411765,0.4745098,0.44313726,0.42745098,0.3882353,0.4,0.43137255,0.40392157,0.37254903,0.36078432,0.39607844,0.41960785,0.42352942,0.45882353,0.45490196,0.43137255,0.52156866,0.5137255,0.50980395,0.49019608,0.56078434,0.60784316,0.61960787,0.7058824,0.6392157,0.63529414,0.6431373,0.6784314,0.3882353,0.3882353,0.4117647,0.40784314,0.34117648,0.33333334,0.33333334,0.3019608,0.26666668,0.26666668,0.27450982,0.29411766,0.29803923,0.29803923,0.28627452,0.27450982,0.29803923,0.2901961,0.3137255,0.29411766,0.3529412,0.3764706,0.3882353,0.44313726,0.4117647,0.45882353,0.54901963,0.61960787,0.47843137,0.38431373,0.32156864,0.32941177,0.30980393,0.2901961,0.2627451,0.19607843,0.20392157,0.2784314,0.2784314,0.2509804,0.28235295,0.27450982,0.2509804,0.23921569,0.2,0.17254902,0.20392157,0.2,0.22352941,0.24705882,0.2509804,0.2784314,0.29803923,0.36862746,0.42352942,0.44313726,0.59607846,0.5568628,0.47058824,0.3137255,0.19215687,0.21960784,0.2509804,0.23137255,0.24313726,0.23921569,0.17254902,0.15294118,0.22745098,0.33333334,0.29411766,0.24313726,0.14509805,0.105882354,0.12941177,0.12156863,0.13333334,0.1764706,0.14901961,0.15294118,0.16078432,0.21960784,0.33333334,0.4117647,0.5411765,0.5294118,0.42352942,0.34901962,0.2901961,0.20392157,0.22745098,0.21960784,0.21960784,0.08235294,0.047058824,0.0627451,0.12941177,0.2509804,0.25490198,0.23529412,0.14117648,0.12156863,0.14901961,0.1254902,0.11372549,0.105882354,0.101960786,0.09803922,0.12156863,0.18039216,0.2784314,0.34117648,0.41960785,0.45490196,0.4117647,0.29803923,0.19607843,0.20392157,0.1882353,0.16470589,0.10980392,0.007843138,0.003921569,0.003921569,0.078431375,0.2,0.18431373,0.15686275,0.14509805,0.13725491,0.1764706,0.14901961,0.16078432,0.14901961,0.11372549,0.06666667,0.09019608,0.15294118,0.2627451,0.32941177,0.42745098,0.39215687,0.38039216,0.30980393,0.16862746,0.20784314,0.14117648,0.08235294,0.047058824,0.03137255,0.007843138,0.003921569,0.0627451,0.14901961,0.10980392,0.14901961,0.14117648,0.101960786,0.11764706,0.14509805,0.15294118,0.14901961,0.09803922,0.05882353,0.08235294,0.15294118,0.2509804,0.35686275,0.34509805,0.30980393,0.28235295,0.18431373,0.09411765,0.105882354,0.09019608,0.0627451,0.06666667,0.1764706,0.16470589,0.11764706,0.1254902,0.15686275,0.08235294,0.1254902,0.15294118,0.08627451,0.09411765,0.12156863,0.09803922,0.08627451,0.08235294,0.043137256,0.105882354,0.20784314,0.29411766,0.38431373,0.3019608,0.29803923,0.24705882,0.11372549,0.043137256,0.06666667,0.050980393,0.03137255,0.078431375,0.21960784,0.2784314,0.28235295,0.17254902,0.08235294,0.06666667,0.105882354,0.14509805,0.05882353,0.05490196,0.05882353,0.0627451,0.043137256,0.039215688,0.03137255,0.0627451,0.19215687,0.29411766,0.3882353,0.22745098,0.21176471,0.1764706,0.08627451,0.07450981,0.08235294,0.05882353,0.019607844,0.09019608,0.21568628,0.27058825,0.29803923,0.16078432,0.08235294,0.0627451,0.07058824,0.09019608,0.0627451,0.05490196,0.047058824,0.02745098,0.015686275,0.019607844,0.03529412,0.08627451,0.17254902,0.22745098,0.29411766,0.23921569,0.21568628,0.13333334,0.08235294,0.078431375,0.09019608,0.06666667,0.043137256,0.1254902,0.2784314,0.29803923,0.26666668,0.18039216,0.105882354,0.07450981,0.05490196,0.050980393,0.07450981,0.105882354,0.08627451,0.05490196,0.050980393,0.047058824,0.05882353,0.11372549,0.16470589,0.20784314,0.23529412,0.29803923,0.2901961,0.17254902,0.09019608,0.07058824,0.0627451,0.0627451,0.06666667,0.16078432,0.2627451,0.3019608,0.29803923,0.17254902,0.11372549,0.08235294,0.07058824,0.0627451,0.05882353,0.0627451,0.07450981,0.05882353,0.05882353,0.06666667,0.05882353,0.08235294,0.1254902,0.15294118,0.16078432,0.15686275,0.16470589,0.12156863,0.105882354,0.043137256,0.023529412,0.039215688,0.0627451,0.15294118,0.26666668,0.29803923,0.28627452,0.18039216,0.09019608,0.05490196,0.039215688,0.023529412,0.015686275,0.011764706,0.011764706,0.011764706,0.015686275,0.015686275,0.023529412,0.05882353,0.11764706,0.16078432,0.17254902,0.15294118,0.11372549,0.047058824,0.023529412,0.015686275,0.011764706,0.03529412,0.07450981,0.17254902,0.25882354,0.2784314,0.2509804,0.1764706,0.050980393,0.019607844,0.007843138,0.003921569,0.003921569,0.003921569,0.003921569,0.007843138,0.007843138,0.003921569,0.007843138,0.043137256,0.11372549,0.13725491,0.14509805,0.10980392,0.06666667,0.019607844,0.007843138,0.003921569,0.003921569,0.003921569,0.023529412,0.09019608,0.18039216,0.22745098,0.17254902,0.11372549,0.039215688,0.015686275,0.007843138,0.003921569,0.003921569,0.003921569,0.003921569,0.007843138,0.007843138,0.003921569,0.003921569,0.015686275,0.047058824,0.08235294,0.08627451,0.13725491,0.07450981,0.03137255,0.007843138,0.003921569,0.003921569,0.003921569,0.007843138,0.03137255,0.11764706,0.13725491,0.09411765,0.050980393,0.015686275,0.007843138,0.003921569,0.003921569,0.003921569,0.003921569,0.003921569,0.003921569,0.003921569,0.003921569,0.003921569,0.007843138,0.011764706,0.03137255,0.03137255,0.19215687,0.14117648,0.08627451,0.02745098,0.003921569,0.003921569,0.003921569,0.003921569,0.015686275,0.039215688,0.047058824,0.03137255,0.015686275,0.003921569,0.003921569,0.003921569,0.003921569,0.003921569,0.003921569,0.003921569,0.003921569,0.003921569,0.003921569,0.003921569,0.003921569,0.007843138,0.011764706,0.011764706,0.105882354,0.08235294,0.043137256,0.015686275,0.003921569,0.003921569,0.003921569,0.003921569,0.019607844,0.043137256,0.019607844,0.003921569,0.003921569,0.003921569,0.003921569,0.003921569,0.003921569,0.003921569,0.003921569,0.003921569,0.003921569,0.003921569,0.003921569,0.003921569,0.003921569,0.003921569,0.003921569,0.007843138,0.08627451,0.07058824,0.02745098,0.007843138,0.003921569,0.003921569,0.003921569,0.007843138,0.011764706,0.03137255,0.03137255,0.007843138,0.003921569,0.003921569,0.003921569,0.003921569,0.003921569,0.003921569,0.003921569,0.003921569,0.003921569,0.003921569,0.003921569,0.003921569,0.003921569,0.003921569,0.003921569,0.003921569,0.050980393,0.03529412,0.019607844,0.011764706,0.003921569,0.003921569,0.003921569,0.003921569,0.007843138,0.015686275,0.019607844,0.007843138,0.003921569,0.003921569,0.003921569,0.003921569,0.003921569,0.003921569,0.003921569,0.003921569,0.003921569,0.003921569,0.003921569,0.003921569,0.003921569,0.003921569,0.007843138,0.007843138,0.05490196,0.039215688,0.015686275,0.007843138,0.007843138,0.007843138,0.003921569,0.007843138,0.011764706,0.023529412,0.015686275,0.007843138,0.003921569,0.003921569,0.003921569,0.003921569,0.003921569,0.003921569,0.003921569,0.003921569,0.003921569,0.003921569,0.007843138,0.003921569,0.007843138,0.011764706,0.011764706,0.015686275,0.05490196,0.043137256,0.03529412,0.023529412,0.015686275,0.011764706,0.011764706,0.011764706,0.011764706,0.011764706,0.015686275,0.015686275,0.007843138,0.003921569,0.003921569,0.003921569,0.003921569,0.007843138,0.003921569,0.007843138,0.007843138,0.007843138,0.011764706,0.015686275,0.023529412,0.019607844,0.023529412,0.03137255,0.05490196,0.050980393,0.043137256,0.039215688,0.03137255,0.02745098,0.023529412,0.023529412,0.019607844,0.015686275,0.019607844,0.019607844,0.019607844,0.015686275,0.011764706,0.007843138,0.011764706,0.015686275,0.015686275,0.015686275,0.023529412,0.023529412,0.023529412,0.03137255,0.03137255,0.043137256,0.047058824,0.050980393,0.06666667,0.07058824,0.06666667,0.05490196,0.050980393,0.050980393,0.043137256,0.047058824,0.039215688,0.039215688,0.03529412,0.03529412,0.03529412,0.03137255,0.03529412,0.02745098,0.03137255,0.02745098,0.03529412,0.03529412,0.039215688,0.039215688,0.043137256,0.043137256,0.050980393,0.05882353,0.05882353,0.0627451,0.08235294,0.07058824,0.06666667,0.06666667,0.05490196,0.05490196,0.05490196,0.05490196,0.05490196,0.050980393,0.050980393,0.047058824,0.047058824,0.047058824,0.039215688,0.039215688,0.043137256,0.043137256,0.047058824,0.043137256,0.047058824,0.050980393,0.050980393,0.05490196,0.05882353,0.0627451,0.06666667,0.07450981,0.08627451,0.078431375,0.07058824,0.07058824,0.06666667,0.0627451,0.05882353,0.0627451,0.05882353,0.050980393,0.050980393,0.050980393,0.05490196,0.047058824,0.047058824,0.05490196,0.050980393,0.050980393,0.050980393,0.05490196,0.05882353,0.05882353,0.0627451,0.06666667,0.06666667,0.07058824,0.07450981,0.07450981,0.078431375,0.07058824,0.07058824,0.07450981,0.06666667,0.0627451,0.05882353,0.05882353,0.06666667,0.05882353,0.05490196,0.05882353,0.047058824,0.043137256,0.050980393,0.05490196,0.05882353,0.05882353,0.05490196,0.05490196,0.05490196,0.05882353,0.0627451,0.06666667,0.07058824,0.07058824,0.078431375,0.08235294
1,0.654902,0.6509804,0.6509804,0.6392157,0.627451,0.6392157,0.61960787,0.62352943,0.627451,0.6313726,0.64705884,0.6392157,0.6313726,0.6431373,0.6509804,0.6862745,0.6666667,0.6431373,0.6392157,0.6392157,0.654902,0.67058825,0.69411767,0.6627451,0.67058825,0.6745098,0.6862745,0.7137255,0.6392157,0.6156863,0.63529414,0.654902,0.6431373,0.6431373,0.6509804,0.6745098,0.6862745,0.6901961,0.73333335,0.7372549,0.70980394,0.7019608,0.6745098,0.68235296,0.654902,0.63529414,0.6156863,0.5568628,0.5647059,0.5882353,0.64705884,0.6156863,0.67058825,0.6509804,0.6,0.6392157,0.59607846,0.60784316,0.5686275,0.5686275,0.5647059,0.5058824,0.5019608,0.50980395,0.5019608,0.50980395,0.56078434,0.5764706,0.58431375,0.5921569,0.5764706,0.56078434,0.54509807,0.5568628,0.54509807,0.53333336,0.5411765,0.54901963,0.6039216,0.5568628,0.5529412,0.6156863,0.64705884,0.6117647,0.56078434,0.60784316,0.62352943,0.61960787,0.67058825,0.6431373,0.6156863,0.6039216,0.52156866,0.48235294,0.45490196,0.4509804,0.45882353,0.45882353,0.44705883,0.45490196,0.46666667,0.44705883,0.44313726,0.46666667,0.45882353,0.49019608,0.5921569,0.61960787,0.6039216,0.5803922,0.5764706,0.56078434,0.4862745,0.4745098,0.46666667,0.4745098,0.60784316,0.7294118,0.7529412,0.7372549,0.6431373,0.57254905,0.5764706,0.54509807,0.5254902,0.56078434,0.5764706,0.54901963,0.5254902,0.49411765,0.49411765,0.5137255,0.5254902,0.5686275,0.69803923,0.6745098,0.5372549,0.46666667,0.50980395,0.50980395,0.5137255,0.45490196,0.43137255,0.5529412,0.6039216,0.65882355,0.65882355,0.68235296,0.6901961,0.6745098,0.6117647,0.64705884,0.6,0.61960787,0.7411765,0.76862746,0.74509805,0.63529414,0.6117647,0.7137255,0.68235296,0.56078434,0.5176471,0.6627451,0.5764706,0.5058824,0.5647059,0.61960787,0.4509804,0.4509804,0.42745098,0.5372549,0.60784316,0.5803922,0.5882353,0.627451,0.65882355,0.6666667,0.65882355,0.6,0.59607846,0.5686275,0.62352943,0.5882353,0.5294118,0.5137255,0.60784316,0.72156864,0.69411767,0.6117647,0.63529414,0.58431375,0.50980395,0.5294118,0.654902,0.60784316,0.35686275,0.38039216,0.42352942,0.4862745,0.54901963,0.49411765,0.47843137,0.5254902,0.5803922,0.5294118,0.6039216,0.5882353,0.5647059,0.5411765,0.3372549,0.33333334,0.4862745,0.5254902,0.6156863,0.6156863,0.7176471,0.73333335,0.5882353,0.49803922,0.5254902,0.5137255,0.5803922,0.6627451,0.32941177,0.31764707,0.34901962,0.40784314,0.3372549,0.24313726,0.27450982,0.32156864,0.4117647,0.48235294,0.5254902,0.5686275,0.67058825,0.5921569,0.25490198,0.23529412,0.38039216,0.54509807,0.56078434,0.59607846,0.64705884,0.5686275,0.45882353,0.36862746,0.43529412,0.47843137,0.46666667,0.56078434,0.32941177,0.38431373,0.4,0.4392157,0.34117648,0.21568628,0.14509805,0.15686275,0.25882354,0.3019608,0.3647059,0.44313726,0.58431375,0.53333336,0.49019608,0.56078434,0.56078434,0.59607846,0.58431375,0.5372549,0.5137255,0.32941177,0.19607843,0.25490198,0.35686275,0.45490196,0.48235294,0.5254902,0.2509804,0.3137255,0.36078432,0.4,0.47058824,0.53333336,0.5882353,0.5411765,0.5019608,0.4,0.45490196,0.56078434,0.6,0.5529412,0.6156863,0.7176471,0.6666667,0.67058825,0.62352943,0.56078434,0.45882353,0.27450982,0.23137255,0.25882354,0.2509804,0.29411766,0.33333334,0.38039216,0.35686275,0.35686275,0.32156864,0.39215687,0.5176471,0.5647059,0.64705884,0.60784316,0.5058824,0.34509805,0.42745098,0.5921569,0.5568628,0.52156866,0.6039216,0.6431373,0.5764706,0.54509807,0.54901963,0.49803922,0.44313726,0.54901963,0.6156863,0.4627451,0.28627452,0.2901961,0.30980393,0.30980393,0.3529412,0.32156864,0.33333334,0.38039216,0.4745098,0.54509807,0.5921569,0.54901963,0.42745098,0.34117648,0.38039216,0.5137255,0.5882353,0.5176471,0.58431375,0.6,0.50980395,0.5254902,0.59607846,0.5529412,0.4509804,0.5137255,0.5686275,0.4509804,0.3019608,0.2509804,0.22745098,0.25490198,0.29803923,0.28627452,0.28627452,0.3254902,0.43529412,0.52156866,0.5372549,0.50980395,0.43529412,0.42352942,0.4627451,0.53333336,0.60784316,0.5176471,0.56078434,0.64705884,0.6039216,0.59607846,0.5372549,0.50980395,0.42745098,0.5058824,0.59607846,0.5686275,0.4117647,0.30588236,0.32156864,0.4,0.23529412,0.23529412,0.27058825,0.28627452,0.42745098,0.50980395,0.49019608,0.43529412,0.39215687,0.4,0.44705883,0.5137255,0.5647059,0.5294118,0.5294118,0.6117647,0.5921569,0.5882353,0.5764706,0.5529412,0.48235294,0.45882353,0.5529412,0.5686275,0.4627451,0.29411766,0.30588236,0.40784314,0.21960784,0.23529412,0.24313726,0.2901961,0.37254903,0.44705883,0.41568628,0.38039216,0.35686275,0.32941177,0.3529412,0.3882353,0.44313726,0.48235294,0.5411765,0.61960787,0.5411765,0.5294118,0.5411765,0.49411765,0.44313726,0.41568628,0.41568628,0.43529412,0.39215687,0.20392157,0.21176471,0.30588236,0.17254902,0.18431373,0.1764706,0.21176471,0.31764707,0.34901962,0.34901962,0.30980393,0.29803923,0.27450982,0.29411766,0.33333334,0.35686275,0.4117647,0.49019608,0.5529412,0.5254902,0.5764706,0.5568628,0.4862745,0.47058824,0.4392157,0.42745098,0.43137255,0.3529412,0.24705882,0.1764706,0.18431373,0.11372549,0.1254902,0.1254902,0.16078432,0.23921569,0.2627451,0.2784314,0.25490198,0.23921569,0.23529412,0.23921569,0.2784314,0.32941177,0.34117648,0.44705883,0.52156866,0.52156866,0.54901963,0.47058824,0.3882353,0.40392157,0.43529412,0.3647059,0.32941177,0.27058825,0.15294118,0.105882354,0.10980392,0.09411765,0.12156863,0.10980392,0.14901961,0.16078432,0.19215687,0.1882353,0.1882353,0.14509805,0.11764706,0.17254902,0.14901961,0.19215687,0.21176471,0.26666668,0.34901962,0.42745098,0.49803922,0.45882353,0.40784314,0.34901962,0.23529412,0.16470589,0.11764706,0.12941177,0.105882354,0.07450981,0.0627451,0.07450981,0.09019608,0.105882354,0.10980392,0.12941177,0.15294118,0.15686275,0.17254902,0.1764706,0.17254902,0.20392157,0.18039216,0.22352941,0.21176471,0.21568628,0.23921569,0.2509804,0.2627451,0.21960784,0.21176471,0.16078432,0.105882354,0.09411765,0.07058824,0.078431375,0.06666667,0.05882353,0.047058824,0.05490196,0.043137256,0.05490196,0.07058824,0.09411765,0.105882354,0.09019608,0.0627451,0.07450981,0.078431375,0.078431375,0.08235294,0.09411765,0.09019608,0.078431375,0.101960786,0.11372549,0.11764706,0.101960786,0.09803922,0.09019608,0.07450981,0.050980393,0.05490196,0.05490196,0.08627451,0.09019608,0.039215688,0.043137256,0.03137255,0.03137255,0.03529412,0.043137256,0.047058824,0.039215688,0.03137255,0.019607844,0.011764706,0.015686275,0.023529412,0.03529412,0.07450981,0.08235294,0.10980392,0.1254902,0.12156863,0.1254902,0.10980392,0.06666667,0.08235294,0.09019608,0.08627451,0.09411765,0.09411765,0.08235294,0.03529412,0.03529412,0.03529412,0.03529412,0.039215688,0.047058824,0.043137256,0.047058824,0.043137256,0.043137256,0.05882353,0.0627451,0.11372549,0.13725491,0.15686275,0.19215687,0.21568628,0.2509804,0.21176471,0.20392157,0.22352941,0.2,0.22352941,0.2509804,0.22745098,0.21176471,0.14117648,0.10980392,0.09019608,0.047058824,0.05490196,0.05882353,0.078431375,0.08627451,0.09803922,0.09803922,0.11764706,0.13333334,0.14117648,0.15686275,0.21568628,0.27058825,0.34117648,0.3647059,0.4627451,0.47843137,0.41960785,0.38039216,0.36078432,0.30980393,0.27450982,0.23529412,0.20392157,0.19607843,0.14117648,0.14509805,0.13725491,0.07450981,0.078431375,0.08627451,0.09019608,0.08235294,0.078431375,0.09019608,0.101960786,0.09411765,0.09019608,0.08235294,0.12156863,0.2,0.2784314,0.30588236,0.3254902,0.37254903,0.40392157,0.3882353,0.35686275,0.2784314,0.25490198,0.23137255,0.25882354,0.2627451,0.19215687,0.16862746,0.15686275,0.0627451,0.06666667,0.05882353,0.05490196,0.05882353,0.0627451,0.08235294,0.07058824,0.07450981,0.07058824,0.078431375,0.09803922,0.14117648,0.19607843,0.20392157,0.23921569,0.32156864,0.27450982,0.28235295,0.31764707,0.2627451,0.21568628,0.2,0.20784314,0.23137255,0.2,0.19607843,0.19607843,0.050980393,0.047058824,0.050980393,0.043137256,0.06666667,0.0627451,0.05490196,0.050980393,0.07450981,0.101960786,0.078431375,0.101960786,0.12941177,0.14509805,0.15686275,0.25882354,0.3254902,0.2784314,0.25490198,0.24313726,0.23137255,0.21176471,0.2,0.19607843,0.21568628,0.23137255,0.19215687,0.20392157,0.0627451,0.0627451,0.05882353,0.05490196,0.0627451,0.07058824,0.0627451,0.07058824,0.09019608,0.11372549,0.08235294,0.12156863,0.17254902,0.18431373,0.22352941,0.26666668,0.32941177,0.2901961,0.23921569,0.23529412,0.21176471,0.16078432,0.1764706,0.1764706,0.20784314,0.21960784,0.21568628,0.23529412
0,0.22352941,0.16862746,0.101960786,0.07450981,0.050980393,0.03137255,0.03529412,0.050980393,0.101960786,0.20784314,0.3019608,0.33333334,0.34117648,0.3647059,0.36078432,0.35686275,0.3764706,0.40392157,0.3764706,0.34901962,0.3254902,0.30980393,0.29803923,0.34117648,0.36862746,0.36078432,0.32941177,0.3019608,0.11372549,0.08627451,0.050980393,0.039215688,0.019607844,0.011764706,0.011764706,0.050980393,0.15294118,0.3254902,0.41960785,0.43529412,0.41960785,0.41568628,0.4117647,0.45490196,0.4862745,0.48235294,0.42745098,0.40784314,0.39215687,0.38039216,0.4,0.4117647,0.39215687,0.38431373,0.39215687,0.40784314,0.03529412,0.023529412,0.015686275,0.015686275,0.011764706,0.011764706,0.019607844,0.08235294,0.17254902,0.32156864,0.40784314,0.4627451,0.4627451,0.4392157,0.42745098,0.47843137,0.5294118,0.54509807,0.50980395,0.4745098,0.45490196,0.45490196,0.47058824,0.47058824,0.43137255,0.40784314,0.42745098,0.5058824,0.039215688,0.019607844,0.019607844,0.023529412,0.019607844,0.02745098,0.07058824,0.2,0.23529412,0.3647059,0.44705883,0.49803922,0.5058824,0.5058824,0.5137255,0.5529412,0.59607846,0.5921569,0.54509807,0.44313726,0.44705883,0.49803922,0.5019608,0.5176471,0.5058824,0.4862745,0.4862745,0.47843137,0.03529412,0.023529412,0.019607844,0.023529412,0.015686275,0.019607844,0.09019608,0.19607843,0.29411766,0.43137255,0.5058824,0.53333336,0.5529412,0.5568628,0.5411765,0.56078434,0.5529412,0.45882353,0.40784314,0.34901962,0.36078432,0.40784314,0.42352942,0.45490196,0.48235294,0.4392157,0.3882353,0.3137255,0.007843138,0.007843138,0.007843138,0.007843138,0.007843138,0.015686275,0.078431375,0.21960784,0.36862746,0.46666667,0.54509807,0.6039216,0.5058824,0.44313726,0.40784314,0.42352942,0.41568628,0.34117648,0.3137255,0.28627452,0.2901961,0.3019608,0.28627452,0.29411766,0.32156864,0.32941177,0.29411766,0.21568628,0.003921569,0.003921569,0.003921569,0.003921569,0.003921569,0.02745098,0.09411765,0.21960784,0.36862746,0.45490196,0.5294118,0.5019608,0.34509805,0.26666668,0.2627451,0.27058825,0.27450982,0.27450982,0.30588236,0.2784314,0.24313726,0.24313726,0.22352941,0.22352941,0.22352941,0.21568628,0.16078432,0.105882354,0.003921569,0.003921569,0.003921569,0.003921569,0.015686275,0.039215688,0.105882354,0.2509804,0.3254902,0.38431373,0.45490196,0.38039216,0.22352941,0.1882353,0.20784314,0.21568628,0.21568628,0.21568628,0.27450982,0.26666668,0.22745098,0.16862746,0.11372549,0.101960786,0.11372549,0.15294118,0.13725491,0.07058824,0.003921569,0.003921569,0.003921569,0.003921569,0.011764706,0.05882353,0.105882354,0.21568628,0.25882354,0.23921569,0.2784314,0.25490198,0.14901961,0.101960786,0.13333334,0.16078432,0.16078432,0.19215687,0.23921569,0.20784314,0.12941177,0.043137256,0.019607844,0.019607844,0.023529412,0.02745098,0.02745098,0.015686275,0.003921569,0.003921569,0.003921569,0.003921569,0.007843138,0.03137255,0.09019608,0.15686275,0.14509805,0.14509805,0.21176471,0.20392157,0.105882354,0.08627451,0.13333334,0.18431373,0.18039216,0.14901961,0.07058824,0.023529412,0.015686275,0.011764706,0.007843138,0.007843138,0.003921569,0.003921569,0.003921569,0.003921569,0.003921569,0.003921569,0.003921569,0.003921569,0.007843138,0.03137255,0.09411765,0.17254902,0.1764706,0.19607843,0.27450982,0.21960784,0.12156863,0.11372549,0.11764706,0.13333334,0.12941177,0.05490196,0.019607844,0.007843138,0.003921569,0.003921569,0.011764706,0.007843138,0.007843138,0.007843138,0.011764706,0.015686275,0.003921569,0.003921569,0.003921569,0.003921569,0.003921569,0.003921569,0.02745098,0.07058824,0.09411765,0.14901961,0.23529412,0.23921569,0.12941177,0.078431375,0.043137256,0.08627451,0.08627451,0.043137256,0.019607844,0.003921569,0.003921569,0.003921569,0.003921569,0.007843138,0.011764706,0.007843138,0.02745098,0.03137255,0.003921569,0.003921569,0.003921569,0.003921569,0.003921569,0.003921569,0.007843138,0.011764706,0.023529412,0.06666667,0.1254902,0.1254902,0.08235294,0.05490196,0.039215688,0.09411765,0.09803922,0.078431375,0.03529412,0.011764706,0.007843138,0.003921569,0.003921569,0.02745098,0.019607844,0.007843138,0.023529412,0.03137255,0.003921569,0.003921569,0.003921569,0.003921569,0.003921569,0.003921569,0.011764706,0.019607844,0.02745098,0.06666667,0.12941177,0.12941177,0.14117648,0.15686275,0.16862746,0.15294118,0.09803922,0.08235294,0.03137255,0.007843138,0.007843138,0.007843138,0.011764706,0.03137255,0.019607844,0.007843138,0.003921569,0.003921569,0.003921569,0.003921569,0.003921569,0.003921569,0.003921569,0.003921569,0.011764706,0.019607844,0.02745098,0.05490196,0.09019608,0.12156863,0.1764706,0.1764706,0.1254902,0.101960786,0.078431375,0.07450981,0.023529412,0.015686275,0.011764706,0.003921569,0.003921569,0.011764706,0.011764706,0.007843138,0.003921569,0.003921569,0.003921569,0.003921569,0.003921569,0.003921569,0.007843138,0.03137255,0.078431375,0.09019608,0.08235294,0.08235294,0.09019608,0.10980392,0.08627451,0.08235294,0.08627451,0.07058824,0.05490196,0.05490196,0.02745098,0.011764706,0.007843138,0.007843138,0.007843138,0.011764706,0.011764706,0.007843138,0.007843138,0.007843138,0.011764706,0.007843138,0.007843138,0.011764706,0.02745098,0.050980393,0.078431375,0.10980392,0.1254902,0.13333334,0.12156863,0.12156863,0.08627451,0.07058824,0.07450981,0.05882353,0.05490196,0.0627451,0.05490196,0.03529412,0.02745098,0.019607844,0.019607844,0.02745098,0.03137255,0.03137255,0.019607844,0.019607844,0.02745098,0.023529412,0.02745098,0.03137255,0.043137256,0.05882353,0.08627451,0.105882354,0.13725491,0.16078432,0.18039216,0.2,0.16470589,0.101960786,0.09019608,0.08627451,0.08235294,0.101960786,0.101960786,0.10980392,0.101960786,0.0627451,0.047058824,0.050980393,0.05882353,0.050980393,0.039215688,0.039215688,0.047058824,0.047058824,0.047058824,0.050980393,0.050980393,0.05490196,0.06666667,0.08627451,0.10980392,0.14901961,0.1882353,0.21176471,0.19215687,0.2,0.18039216,0.15686275,0.10980392,0.10980392,0.13725491,0.18039216,0.21568628,0.19607843,0.1764706,0.14901961,0.11764706,0.09019608,0.07058824,0.06666667,0.07058824,0.07058824,0.07058824,0.07450981,0.07058824,0.07450981,0.078431375,0.101960786,0.11372549,0.1254902,0.13725491,0.15294118,0.16078432,0.17254902,0.19215687,0.17254902,0.15294118,0.16470589,0.22745098,0.30980393,0.30588236,0.2784314,0.25490198,0.21960784,0.17254902,0.12941177,0.09803922,0.09019608,0.09019608,0.09019608,0.09019608,0.09803922,0.101960786,0.101960786,0.101960786,0.10980392,0.12156863,0.13725491,0.14509805,0.14117648,0.14901961,0.16470589,0.16078432,0.14509805,0.14117648,0.15294118,0.18039216,0.20784314,0.22352941,0.2,0.17254902,0.16470589,0.14901961,0.14117648,0.12156863,0.105882354,0.101960786,0.105882354,0.105882354,0.10980392,0.10980392,0.11372549,0.12156863,0.1254902,0.13333334,0.14509805,0.14509805,0.14509805,0.14901961,0.16078432,0.16862746,0.15294118,0.14901961,0.16470589,0.19607843,0.22352941,0.23921569,0.20784314,0.1882353,0.1764706,0.16470589,0.1882353,0.15686275,0.11764706,0.105882354,0.10980392,0.11372549,0.11372549,0.11764706,0.11764706,0.12156863,0.13333334,0.14117648,0.15294118,0.15294118,0.14509805,0.14901961,0.14901961,0.14901961,0.15294118,0.14901961,0.1764706,0.21176471,0.24705882,0.26666668,0.25882354,0.23137255,0.2,0.18431373,0.1882353,0.16862746,0.14117648,0.10980392,0.10980392,0.11372549,0.11372549,0.11764706,0.12156863,0.13333334,0.13333334,0.14509805,0.15294118,0.16078432,0.16078432,0.16078432,0.16078432,0.15686275,0.14509805,0.14901961,0.16862746,0.20392157,0.23137255,0.25490198,0.25490198,0.22745098,0.20784314,0.2,0.19215687,0.1764706,0.16078432,0.105882354,0.105882354,0.11372549,0.11764706,0.12156863,0.12941177,0.13333334,0.13725491,0.14901961,0.16078432,0.1764706,0.20392157,0.22352941,0.2,0.16862746,0.14901961,0.16078432,0.18039216,0.21960784,0.2509804,0.29803923,0.2627451,0.23137255,0.2,0.19215687,0.18431373,0.1764706,0.19215687,0.105882354,0.10980392,0.11764706,0.11764706,0.11764706,0.1254902,0.13333334,0.13725491,0.15294118,0.16862746,0.19607843,0.23137255,0.24705882,0.22352941,0.18039216,0.15294118,0.15686275,0.17254902,0.20784314,0.2509804,0.28235295,0.23921569,0.20392157,0.18039216,0.17254902,0.16470589,0.19215687,0.15686275,0.105882354,0.11372549,0.11764706,0.11764706,0.12156863,0.1254902,0.12941177,0.13333334,0.15294118,0.16862746,0.19215687,0.21960784,0.21176471,0.19607843,0.16470589,0.14509805,0.14509805,0.16078432,0.19215687,0.22352941,0.23137255,0.2,0.1764706,0.16470589,0.16078432,0.15686275,0.19607843,0.1764706,0.105882354,0.10980392,0.11372549,0.11372549,0.12156863,0.12941177,0.12941177,0.12941177,0.14117648,0.14901961,0.16862746,0.1882353,0.19607843,0.1882353,0.15294118,0.13725491,0.13725491,0.14509805,0.16470589,0.18039216,0.18431373,0.16470589,0.15294118,0.14901961,0.14901961,0.14509805,0.18039216,0.14509805
1,0.6039216,0.6431373,0.69803923,0.70980394,0.67058825,0.6313726,0.6156863,0.61960787,0.6156863,0.61960787,0.6431373,0.6745098,0.67058825,0.65882355,0.6509804,0.67058825,0.6666667,0.6392157,0.6431373,0.62352943,0.6431373,0.6313726,0.60784316,0.5764706,0.58431375,0.60784316,0.6509804,0.6666667,0.5372549,0.56078434,0.5137255,0.50980395,0.53333336,0.49411765,0.4509804,0.46666667,0.52156866,0.52156866,0.49411765,0.49411765,0.5137255,0.5372549,0.50980395,0.5058824,0.49803922,0.5137255,0.5372549,0.5686275,0.57254905,0.5568628,0.56078434,0.5568628,0.57254905,0.5294118,0.45882353,0.47843137,0.6784314,0.6,0.54901963,0.5176471,0.5803922,0.57254905,0.5294118,0.5686275,0.6156863,0.54509807,0.6039216,0.5137255,0.53333336,0.5529412,0.49803922,0.5058824,0.52156866,0.5137255,0.5058824,0.4745098,0.4509804,0.43137255,0.40392157,0.38039216,0.4,0.36078432,0.34901962,0.39607844,0.6784314,0.5176471,0.49019608,0.49411765,0.49019608,0.5137255,0.5176471,0.5058824,0.46666667,0.39607844,0.43137255,0.49411765,0.4862745,0.47058824,0.4392157,0.4509804,0.4745098,0.48235294,0.47843137,0.43529412,0.42352942,0.4509804,0.41960785,0.39607844,0.40392157,0.3764706,0.3882353,0.41568628,0.5294118,0.46666667,0.5019608,0.5058824,0.53333336,0.57254905,0.57254905,0.5529412,0.47843137,0.43137255,0.42352942,0.45490196,0.4862745,0.4627451,0.47058824,0.49411765,0.53333336,0.5294118,0.5294118,0.4862745,0.4509804,0.4627451,0.4509804,0.43529412,0.41568628,0.40784314,0.49019608,0.4862745,0.47843137,0.52156866,0.53333336,0.54901963,0.5568628,0.6,0.6,0.5647059,0.49411765,0.45882353,0.49019608,0.4862745,0.46666667,0.4862745,0.49411765,0.50980395,0.54901963,0.54509807,0.56078434,0.52156866,0.46666667,0.48235294,0.45882353,0.4392157,0.41568628,0.49803922,0.5882353,0.6392157,0.5176471,0.57254905,0.5568628,0.5529412,0.57254905,0.60784316,0.6039216,0.6313726,0.6117647,0.5882353,0.63529414,0.5529412,0.4862745,0.49803922,0.49803922,0.5137255,0.5568628,0.56078434,0.5686275,0.52156866,0.43137255,0.4627451,0.49019608,0.53333336,0.5686275,0.5058824,0.50980395,0.5568628,0.58431375,0.5921569,0.5882353,0.6,0.627451,0.6627451,0.6901961,0.72156864,0.7019608,0.68235296,0.62352943,0.68235296,0.7176471,0.63529414,0.60784316,0.6313726,0.6509804,0.65882355,0.627451,0.6,0.5647059,0.6392157,0.7058824,0.6,0.5176471,0.59607846,0.65882355,0.654902,0.61960787,0.69803923,0.8117647,0.8352941,0.76862746,0.7137255,0.69803923,0.61960787,0.627451,0.6,0.61960787,0.70980394,0.75686276,0.77254903,0.7529412,0.79607844,0.81960785,0.78039217,0.81960785,0.78431374,0.72156864,0.6862745,0.7058824,0.654902,0.6901961,0.6313726,0.5803922,0.56078434,0.6,0.6431373,0.7764706,0.7921569,0.7764706,0.7137255,0.69803923,0.64705884,0.7137255,0.6745098,0.6784314,0.79607844,0.84313726,0.84705883,0.85490197,0.827451,0.8117647,0.80784315,0.7764706,0.8235294,0.79607844,0.8039216,0.84705883,0.78039217,0.7137255,0.6509804,0.5568628,0.5411765,0.5882353,0.6156863,0.7294118,0.827451,0.7058824,0.6431373,0.654902,0.6039216,0.5921569,0.5686275,0.5764706,0.6784314,0.7372549,0.7607843,0.85882354,0.8784314,0.84313726,0.8235294,0.75686276,0.80784315,0.7921569,0.7372549,0.7647059,0.74509805,0.69411767,0.64705884,0.5254902,0.4862745,0.6117647,0.62352943,0.6313726,0.69803923,0.654902,0.6313726,0.6117647,0.5686275,0.5254902,0.5176471,0.5803922,0.7058824,0.7372549,0.78431374,0.8352941,0.81960785,0.7607843,0.7647059,0.76862746,0.7176471,0.6117647,0.5411765,0.49411765,0.45490196,0.3764706,0.3372549,0.34901962,0.39215687,0.5686275,0.54509807,0.5058824,0.48235294,0.42352942,0.3882353,0.44705883,0.44705883,0.4627451,0.48235294,0.44705883,0.43137255,0.4509804,0.56078434,0.5921569,0.5372549,0.47843137,0.49019608,0.49803922,0.46666667,0.42352942,0.36862746,0.37254903,0.37254903,0.3764706,0.42745098,0.44313726,0.32941177,0.41960785,0.5176471,0.56078434,0.49411765,0.4862745,0.47058824,0.4745098,0.50980395,0.46666667,0.41568628,0.41960785,0.40392157,0.4,0.40784314,0.42745098,0.4862745,0.54509807,0.5411765,0.46666667,0.43137255,0.42745098,0.39607844,0.40392157,0.42745098,0.44705883,0.38039216,0.3019608,0.28627452,0.40784314,0.5019608,0.4745098,0.5058824,0.54509807,0.5137255,0.4509804,0.40392157,0.44705883,0.41568628,0.3882353,0.32941177,0.3137255,0.34509805,0.3529412,0.4,0.47843137,0.5176471,0.5372549,0.5647059,0.54901963,0.52156866,0.40784314,0.39215687,0.4,0.37254903,0.42352942,0.48235294,0.36862746,0.34117648,0.3137255,0.30588236,0.34509805,0.42352942,0.44313726,0.4392157,0.39607844,0.3882353,0.39607844,0.4117647,0.4117647,0.4,0.42352942,0.47058824,0.53333336,0.52156866,0.5647059,0.54509807,0.46666667,0.39607844,0.4,0.4392157,0.43529412,0.42352942,0.44705883,0.42745098,0.36862746,0.32156864,0.3019608,0.29803923,0.31764707,0.32941177,0.3647059,0.3882353,0.3764706,0.40784314,0.42745098,0.4509804,0.43137255,0.4,0.40392157,0.4509804,0.47843137,0.54509807,0.54901963,0.45882353,0.4117647,0.3764706,0.39215687,0.4745098,0.49019608,0.45882353,0.44313726,0.4392157,0.34901962,0.32156864,0.28235295,0.28235295,0.30980393,0.30588236,0.29411766,0.32941177,0.3764706,0.40392157,0.3647059,0.34509805,0.39607844,0.41568628,0.3764706,0.38431373,0.50980395,0.49019608,0.42352942,0.41568628,0.38431373,0.39215687,0.39215687,0.33333334,0.3647059,0.36078432,0.34901962,0.37254903,0.4117647,0.35686275,0.30980393,0.28627452,0.28627452,0.2901961,0.31764707,0.34901962,0.34117648,0.33333334,0.3137255,0.35686275,0.34901962,0.3529412,0.39215687,0.42745098,0.47058824,0.4509804,0.45490196,0.49019608,0.5019608,0.44313726,0.36078432,0.3529412,0.40784314,0.42745098,0.39607844,0.39607844,0.5019608,0.48235294,0.4392157,0.38039216,0.3372549,0.3529412,0.39215687,0.40784314,0.38039216,0.3372549,0.2901961,0.29803923,0.3019608,0.31764707,0.37254903,0.4392157,0.45490196,0.43137255,0.43529412,0.5019608,0.50980395,0.46666667,0.37254903,0.3137255,0.2901961,0.2784314,0.2627451,0.29411766,0.43529412,0.42352942,0.43529412,0.44705883,0.45490196,0.45882353,0.45490196,0.43529412,0.38431373,0.3529412,0.34117648,0.37254903,0.42352942,0.4745098,0.5058824,0.5254902,0.53333336,0.48235294,0.47058824,0.42352942,0.34901962,0.3137255,0.30588236,0.32941177,0.3882353,0.40784314,0.39215687,0.41960785,0.34509805,0.32941177,0.30980393,0.3019608,0.31764707,0.32156864,0.31764707,0.32156864,0.3254902,0.35686275,0.38039216,0.42745098,0.49019608,0.5137255,0.49411765,0.49411765,0.5372549,0.5764706,0.6,0.6117647,0.6,0.58431375,0.5411765,0.5254902,0.5058824,0.4745098,0.46666667,0.47058824,0.2627451,0.2509804,0.23921569,0.23921569,0.28627452,0.28627452,0.26666668,0.25882354,0.24705882,0.27450982,0.32156864,0.3529412,0.3882353,0.4,0.39215687,0.42745098,0.46666667,0.47843137,0.47843137,0.5176471,0.56078434,0.5529412,0.49411765,0.48235294,0.49411765,0.5058824,0.5058824,0.45490196,0.22352941,0.2,0.1882353,0.1882353,0.21568628,0.21568628,0.21960784,0.23137255,0.24313726,0.27058825,0.30588236,0.3372549,0.34509805,0.35686275,0.38431373,0.43137255,0.45490196,0.49019608,0.4862745,0.4862745,0.5411765,0.5411765,0.48235294,0.44313726,0.44313726,0.5137255,0.46666667,0.43529412,0.3137255,0.2509804,0.19607843,0.16470589,0.16862746,0.16862746,0.16470589,0.17254902,0.18431373,0.21568628,0.26666668,0.31764707,0.32941177,0.33333334,0.38039216,0.41568628,0.40392157,0.40784314,0.43137255,0.44313726,0.43137255,0.4117647,0.4,0.37254903,0.38431373,0.41568628,0.40784314,0.34117648,0.28627452,0.25490198,0.19215687,0.16078432,0.16078432,0.16862746,0.15686275,0.15686275,0.15294118,0.15294118,0.1764706,0.22352941,0.2627451,0.29411766,0.34117648,0.4,0.43137255,0.4509804,0.5058824,0.5372549,0.5294118,0.47058824,0.44705883,0.42352942,0.41568628,0.3647059,0.34509805,0.31764707,0.19215687,0.18039216,0.15686275,0.15294118,0.14117648,0.14117648,0.15294118,0.1764706,0.1882353,0.20392157,0.24705882,0.3019608,0.35686275,0.42352942,0.47843137,0.53333336,0.5803922,0.7019608,0.7921569,0.78039217,0.72156864,0.6431373,0.6117647,0.5568628,0.5019608,0.44705883,0.41960785,0.40784314,0.14509805,0.14509805,0.15294118,0.16862746,0.18431373,0.2,0.22352941,0.2627451,0.30980393,0.34509805,0.36862746,0.39215687,0.40392157,0.42745098,0.41568628,0.4117647,0.40784314,0.4745098,0.53333336,0.5137255,0.45882353,0.43137255,0.40392157,0.3764706,0.35686275,0.3529412,0.34509805,0.32941177
0,0.7764706,0.8392157,0.8784314,0.8666667,0.84705883,0.827451,0.80784315,0.77254903,0.7411765,0.70980394,0.7058824,0.7372549,0.80784315,0.8392157,0.8509804,0.85490197,0.8784314,0.8784314,0.8784314,0.85490197,0.8666667,0.8509804,0.84705883,0.84313726,0.8117647,0.8392157,0.87058824,0.84705883,0.77254903,0.7607843,0.7529412,0.7921569,0.8352941,0.85490197,0.8352941,0.78431374,0.75686276,0.75686276,0.78431374,0.84705883,0.85882354,0.8627451,0.8745098,0.85882354,0.8627451,0.88235295,0.90588236,0.8901961,0.9137255,0.8745098,0.827451,0.84705883,0.8509804,0.8392157,0.81960785,0.8117647,0.77254903,0.76862746,0.7764706,0.8,0.81960785,0.79607844,0.8352941,0.85490197,0.83137256,0.827451,0.8235294,0.8509804,0.79607844,0.78431374,0.827451,0.84705883,0.85882354,0.8666667,0.8509804,0.85490197,0.8666667,0.8666667,0.83137256,0.8,0.80784315,0.8392157,0.81960785,0.80784315,0.74509805,0.7411765,0.74509805,0.7529412,0.7137255,0.72156864,0.78039217,0.8,0.78431374,0.7882353,0.8156863,0.8156863,0.7058824,0.67058825,0.70980394,0.7254902,0.7372549,0.72156864,0.73333335,0.8039216,0.8509804,0.84705883,0.8392157,0.8235294,0.7294118,0.73333335,0.77254903,0.81960785,0.62352943,0.64705884,0.68235296,0.7058824,0.7372549,0.7490196,0.7019608,0.6627451,0.70980394,0.7176471,0.7372549,0.69803923,0.6509804,0.6,0.5686275,0.52156866,0.5058824,0.5058824,0.5176471,0.6,0.654902,0.6862745,0.7137255,0.7764706,0.72156864,0.6313726,0.59607846,0.68235296,0.6901961,0.6745098,0.6313726,0.6509804,0.7176471,0.654902,0.58431375,0.5254902,0.54901963,0.6313726,0.6784314,0.6431373,0.54509807,0.41960785,0.43529412,0.4392157,0.41960785,0.4,0.3882353,0.43529412,0.5254902,0.58431375,0.6509804,0.7137255,0.70980394,0.6431373,0.5372549,0.54509807,0.7490196,0.7137255,0.627451,0.6,0.61960787,0.6784314,0.61960787,0.49019608,0.45882353,0.4627451,0.4862745,0.4862745,0.4,0.34117648,0.3647059,0.38431373,0.36862746,0.34509805,0.32156864,0.3254902,0.39607844,0.47058824,0.54901963,0.69411767,0.6901961,0.67058825,0.6156863,0.5921569,0.74509805,0.6901961,0.5647059,0.45490196,0.5647059,0.6156863,0.53333336,0.3647059,0.3647059,0.3529412,0.34509805,0.34901962,0.32156864,0.30980393,0.3137255,0.3254902,0.33333334,0.32941177,0.31764707,0.30588236,0.31764707,0.3647059,0.42745098,0.49411765,0.6156863,0.627451,0.60784316,0.62352943,0.68235296,0.63529414,0.50980395,0.41568628,0.56078434,0.6313726,0.44313726,0.34117648,0.38039216,0.3764706,0.3137255,0.3019608,0.30588236,0.3254902,0.3372549,0.34901962,0.34117648,0.3372549,0.32941177,0.34117648,0.32941177,0.33333334,0.39607844,0.40784314,0.5176471,0.627451,0.6666667,0.6745098,0.54901963,0.53333336,0.48235294,0.42745098,0.5019608,0.43137255,0.30980393,0.31764707,0.3529412,0.29411766,0.25882354,0.26666668,0.24313726,0.3019608,0.33333334,0.29803923,0.27058825,0.26666668,0.28235295,0.2901961,0.28627452,0.28627452,0.29411766,0.3254902,0.44705883,0.5686275,0.62352943,0.5529412,0.37254903,0.38039216,0.44313726,0.34901962,0.34901962,0.28627452,0.25490198,0.26666668,0.28235295,0.24313726,0.23137255,0.2784314,0.24705882,0.23137255,0.23529412,0.22352941,0.20784314,0.22745098,0.22352941,0.23921569,0.24705882,0.25882354,0.23137255,0.22745098,0.35686275,0.4509804,0.46666667,0.43137255,0.30980393,0.26666668,0.36862746,0.3882353,0.33333334,0.23921569,0.2509804,0.2627451,0.29411766,0.31764707,0.25490198,0.23921569,0.19607843,0.21176471,0.24313726,0.21176471,0.2,0.21960784,0.29803923,0.2784314,0.26666668,0.24705882,0.21176471,0.20392157,0.31764707,0.48235294,0.4862745,0.5019608,0.29803923,0.28627452,0.2901961,0.39607844,0.4,0.2509804,0.21960784,0.23921569,0.27450982,0.49411765,0.39607844,0.20784314,0.16470589,0.17254902,0.2,0.19607843,0.19215687,0.18039216,0.22745098,0.27058825,0.25882354,0.24705882,0.23137255,0.21960784,0.2901961,0.41568628,0.4117647,0.4392157,0.30980393,0.30980393,0.28235295,0.36078432,0.38431373,0.3254902,0.25882354,0.27058825,0.25882354,0.2901961,0.28235295,0.22745098,0.2,0.16862746,0.16078432,0.15686275,0.14509805,0.14117648,0.18039216,0.22352941,0.22745098,0.2509804,0.25490198,0.23529412,0.2509804,0.31764707,0.38431373,0.42745098,0.4117647,0.35686275,0.2627451,0.21960784,0.22352941,0.21176471,0.24705882,0.21568628,0.18431373,0.21568628,0.17254902,0.18039216,0.19215687,0.18039216,0.16862746,0.18039216,0.15686275,0.14509805,0.16470589,0.19607843,0.2627451,0.29803923,0.25882354,0.23921569,0.2784314,0.34117648,0.40392157,0.39215687,0.32156864,0.29411766,0.3019608,0.27450982,0.16078432,0.13725491,0.17254902,0.18431373,0.14117648,0.14117648,0.11372549,0.15294118,0.16078432,0.1254902,0.13725491,0.14901961,0.15294118,0.14901961,0.14117648,0.18039216,0.23529412,0.26666668,0.2901961,0.28235295,0.32156864,0.4117647,0.34901962,0.33333334,0.18431373,0.1764706,0.20784314,0.2627451,0.23529412,0.18431373,0.16078432,0.18039216,0.15686275,0.12156863,0.12156863,0.101960786,0.09803922,0.078431375,0.08627451,0.09803922,0.14117648,0.16862746,0.20784314,0.23137255,0.2901961,0.41960785,0.5411765,0.45490196,0.42745098,0.41568628,0.46666667,0.58431375,0.14117648,0.14117648,0.1882353,0.23137255,0.25882354,0.22352941,0.17254902,0.14117648,0.1254902,0.11372549,0.11764706,0.09411765,0.09803922,0.105882354,0.12156863,0.14117648,0.20784314,0.2784314,0.2784314,0.36862746,0.4627451,0.52156866,0.5137255,0.41960785,0.43529412,0.4627451,0.5254902,0.5529412,0.11372549,0.13725491,0.20784314,0.24313726,0.27058825,0.25882354,0.15294118,0.11372549,0.08235294,0.08627451,0.09411765,0.14117648,0.2627451,0.26666668,0.24705882,0.30588236,0.41568628,0.42745098,0.46666667,0.5568628,0.5411765,0.5137255,0.52156866,0.54901963,0.47058824,0.43137255,0.46666667,0.48235294,0.1882353,0.21568628,0.22352941,0.25882354,0.33333334,0.34901962,0.22745098,0.11764706,0.08235294,0.07058824,0.07058824,0.16470589,0.2627451,0.3254902,0.40784314,0.49803922,0.57254905,0.5411765,0.5176471,0.5529412,0.5058824,0.5058824,0.45882353,0.4627451,0.50980395,0.50980395,0.4862745,0.44705883,0.28235295,0.30588236,0.33333334,0.32156864,0.3254902,0.3254902,0.23137255,0.14117648,0.09803922,0.07450981,0.11372549,0.19607843,0.2901961,0.30980393,0.34901962,0.38431373,0.43529412,0.40784314,0.41568628,0.43137255,0.44705883,0.46666667,0.5058824,0.5647059,0.5803922,0.59607846,0.5411765,0.5647059,0.32941177,0.32156864,0.3254902,0.37254903,0.33333334,0.2901961,0.27450982,0.27450982,0.23137255,0.21960784,0.3019608,0.3647059,0.4,0.3647059,0.34117648,0.38039216,0.39607844,0.42745098,0.43529412,0.53333336,0.58431375,0.5921569,0.5803922,0.5764706,0.5882353,0.61960787,0.6,0.6392157,0.34117648,0.35686275,0.3647059,0.3137255,0.30980393,0.2901961,0.40392157,0.33333334,0.40784314,0.3647059,0.30980393,0.34509805,0.3764706,0.38431373,0.45882353,0.5019608,0.5686275,0.5411765,0.54901963,0.5803922,0.5529412,0.5254902,0.5137255,0.5254902,0.57254905,0.5568628,0.4745098,0.49411765,0.36078432,0.33333334,0.3019608,0.29803923,0.3019608,0.32941177,0.37254903,0.3372549,0.40784314,0.4392157,0.36862746,0.3764706,0.4392157,0.49411765,0.4745098,0.46666667,0.5411765,0.53333336,0.5058824,0.50980395,0.49803922,0.5058824,0.4862745,0.47843137,0.46666667,0.44313726,0.40784314,0.41960785,0.36078432,0.34901962,0.30588236,0.28235295,0.30588236,0.31764707,0.3254902,0.39607844,0.45882353,0.42745098,0.43137255,0.44313726,0.45882353,0.5019608,0.47843137,0.48235294,0.53333336,0.5019608,0.4627451,0.52156866,0.5254902,0.49019608,0.45882353,0.5019608,0.5176471,0.46666667,0.4117647,0.36078432,0.2784314,0.31764707,0.3372549,0.29803923,0.28627452,0.2901961,0.31764707,0.38431373,0.38431373,0.37254903,0.39607844,0.38039216,0.3647059,0.4,0.40392157,0.47058824,0.48235294,0.49019608,0.45490196,0.45490196,0.5568628,0.5568628,0.47058824,0.43529412,0.43137255,0.39215687,0.3529412,0.36078432,0.28235295,0.29803923,0.3019608,0.30588236,0.3019608,0.32156864,0.38431373,0.38431373,0.34117648,0.30588236,0.3137255,0.29803923,0.29803923,0.32156864,0.37254903,0.46666667,0.41568628,0.39607844,0.36862746,0.36078432,0.42745098,0.45882353,0.4117647,0.3764706,0.34901962,0.32156864,0.34509805,0.37254903,0.25490198,0.2784314,0.29411766,0.30980393,0.32941177,0.3254902,0.32941177,0.31764707,0.32941177,0.3254902,0.3019608,0.29411766,0.29411766,0.30588236,0.3254902,0.3372549,0.3882353,0.37254903,0.30980393,0.2901961,0.3529412,0.42352942,0.38039216,0.38431373,0.37254903,0.34901962,0.34901962,0.35686275
1,0.7058824,0.6784314,0.654902,0.65882355,0.65882355,0.6862745,0.6862745,0.654902,0.6313726,0.6392157,0.62352943,0.70980394,0.78431374,0.72156864,0.69411767,0.69411767,0.6627451,0.6862745,0.74509805,0.7294118,0.70980394,0.70980394,0.6666667,0.65882355,0.63529414,0.6392157,0.6784314,0.7019608,0.57254905,0.60784316,0.63529414,0.63529414,0.5803922,0.58431375,0.56078434,0.5529412,0.5568628,0.54901963,0.5411765,0.53333336,0.6431373,0.5647059,0.52156866,0.53333336,0.5294118,0.5254902,0.5921569,0.6117647,0.58431375,0.5529412,0.5294118,0.5372549,0.52156866,0.5058824,0.6156863,0.62352943,0.44705883,0.4627451,0.48235294,0.47058824,0.46666667,0.48235294,0.5176471,0.5254902,0.56078434,0.5058824,0.44313726,0.44313726,0.47058824,0.4117647,0.41960785,0.47058824,0.5176471,0.49019608,0.49411765,0.5058824,0.44705883,0.46666667,0.49019608,0.45490196,0.43137255,0.4392157,0.43137255,0.36078432,0.49019608,0.5137255,0.53333336,0.5372549,0.5764706,0.5529412,0.63529414,0.5647059,0.5254902,0.39607844,0.4392157,0.4627451,0.46666667,0.4117647,0.42745098,0.4509804,0.5803922,0.5372549,0.53333336,0.50980395,0.4745098,0.49803922,0.49019608,0.4509804,0.42352942,0.41960785,0.3529412,0.35686275,0.5372549,0.56078434,0.5294118,0.5176471,0.59607846,0.627451,0.6509804,0.42352942,0.3137255,0.3529412,0.43529412,0.4627451,0.4392157,0.39215687,0.41568628,0.41568628,0.5058824,0.54901963,0.4627451,0.47058824,0.46666667,0.4745098,0.47058824,0.46666667,0.47843137,0.47843137,0.46666667,0.4627451,0.45490196,0.5058824,0.47058824,0.44313726,0.4745098,0.49803922,0.54901963,0.5921569,0.45490196,0.4117647,0.40784314,0.38039216,0.4,0.3647059,0.36862746,0.40392157,0.41568628,0.50980395,0.48235294,0.47843137,0.46666667,0.49411765,0.57254905,0.54509807,0.5568628,0.5529412,0.5372549,0.52156866,0.35686275,0.43137255,0.40784314,0.37254903,0.38039216,0.41568628,0.44705883,0.48235294,0.4509804,0.47058824,0.43529412,0.34117648,0.36862746,0.3137255,0.3647059,0.3882353,0.3529412,0.4392157,0.5058824,0.5058824,0.5137255,0.5686275,0.6156863,0.6627451,0.6666667,0.6431373,0.5764706,0.49803922,0.4745098,0.4,0.38039216,0.40392157,0.5176471,0.5137255,0.5019608,0.46666667,0.3882353,0.4509804,0.5764706,0.50980395,0.4745098,0.39607844,0.44313726,0.42745098,0.33333334,0.42352942,0.6039216,0.654902,0.6627451,0.6666667,0.62352943,0.6039216,0.5137255,0.5019608,0.58431375,0.7137255,0.3372549,0.4,0.43529412,0.49019608,0.5372549,0.5137255,0.5176471,0.5254902,0.52156866,0.49019608,0.58431375,0.62352943,0.6313726,0.5647059,0.44705883,0.37254903,0.30980393,0.40784314,0.63529414,0.7372549,0.7058824,0.6156863,0.63529414,0.62352943,0.7019608,0.7372549,0.72156864,0.5803922,0.27058825,0.3647059,0.40392157,0.39215687,0.3372549,0.3137255,0.3137255,0.34117648,0.33333334,0.35686275,0.47058824,0.5294118,0.46666667,0.4,0.28627452,0.25490198,0.22745098,0.33333334,0.4627451,0.52156866,0.4862745,0.5372549,0.6431373,0.6509804,0.654902,0.5294118,0.45490196,0.4392157,0.23921569,0.31764707,0.41568628,0.36078432,0.29411766,0.2627451,0.29411766,0.30980393,0.29411766,0.30588236,0.3764706,0.38431373,0.40392157,0.38431373,0.32941177,0.3019608,0.23137255,0.25490198,0.34117648,0.38039216,0.45882353,0.5254902,0.5411765,0.5019608,0.42352942,0.43137255,0.41960785,0.3529412,0.22352941,0.3137255,0.34901962,0.3254902,0.3137255,0.30588236,0.36078432,0.3529412,0.2784314,0.2901961,0.39215687,0.39607844,0.4117647,0.41960785,0.39215687,0.3882353,0.30588236,0.23921569,0.23921569,0.31764707,0.34117648,0.42745098,0.47058824,0.49411765,0.4627451,0.45882353,0.4392157,0.40784314,0.27058825,0.34117648,0.4117647,0.3647059,0.28235295,0.2509804,0.29411766,0.28235295,0.28627452,0.3529412,0.44313726,0.50980395,0.5137255,0.5058824,0.4509804,0.36078432,0.25490198,0.26666668,0.3372549,0.43529412,0.43529412,0.50980395,0.54509807,0.5137255,0.5294118,0.5372549,0.5137255,0.50980395,0.29411766,0.33333334,0.36078432,0.32156864,0.27450982,0.28627452,0.33333334,0.34901962,0.38039216,0.49019608,0.5411765,0.5411765,0.5411765,0.5137255,0.4745098,0.44313726,0.4117647,0.36078432,0.34509805,0.43137255,0.49803922,0.6156863,0.62352943,0.60784316,0.62352943,0.61960787,0.6117647,0.59607846,0.2627451,0.34117648,0.3647059,0.33333334,0.2901961,0.3137255,0.36078432,0.4117647,0.42352942,0.43529412,0.4627451,0.44705883,0.45490196,0.40392157,0.37254903,0.3647059,0.36078432,0.29803923,0.32941177,0.4509804,0.49019608,0.54509807,0.5058824,0.45490196,0.43137255,0.40392157,0.3647059,0.35686275,0.1764706,0.23529412,0.25882354,0.2509804,0.23921569,0.22745098,0.24313726,0.28627452,0.3137255,0.34117648,0.3647059,0.3647059,0.3764706,0.36078432,0.3529412,0.3372549,0.29411766,0.24705882,0.2509804,0.36862746,0.32941177,0.3254902,0.3529412,0.3254902,0.29411766,0.26666668,0.22352941,0.21176471,0.24705882,0.29803923,0.29803923,0.25490198,0.22352941,0.20784314,0.28627452,0.3372549,0.34509805,0.36862746,0.3882353,0.38431373,0.3529412,0.32156864,0.30980393,0.30588236,0.29411766,0.27450982,0.3019608,0.38039216,0.34117648,0.3019608,0.27058825,0.22352941,0.19215687,0.16862746,0.15294118,0.15294118,0.24313726,0.2901961,0.2901961,0.26666668,0.20784314,0.20392157,0.25882354,0.29803923,0.3254902,0.3254902,0.3529412,0.44313726,0.5058824,0.52156866,0.53333336,0.48235294,0.4392157,0.39607844,0.3529412,0.3764706,0.36078432,0.32156864,0.25490198,0.20392157,0.13725491,0.12156863,0.14117648,0.12941177,0.1254902,0.14901961,0.3372549,0.33333334,0.3019608,0.14117648,0.18431373,0.24313726,0.34901962,0.41960785,0.4627451,0.45882353,0.43137255,0.40392157,0.36078432,0.3137255,0.2509804,0.20784314,0.1882353,0.19607843,0.18039216,0.16862746,0.15294118,0.13725491,0.11764706,0.101960786,0.10980392,0.105882354,0.09019608,0.09411765,0.18039216,0.18039216,0.20392157,0.1254902,0.15294118,0.21176471,0.25490198,0.28235295,0.2784314,0.2784314,0.27058825,0.2627451,0.28627452,0.27450982,0.20784314,0.1764706,0.15686275,0.15294118,0.13333334,0.11764706,0.12156863,0.13333334,0.101960786,0.08235294,0.08627451,0.06666667,0.05490196,0.05882353,0.05882353,0.05882353,0.0627451,0.0627451,0.08627451,0.12156863,0.16470589,0.19215687,0.21176471,0.23137255,0.23137255,0.21176471,0.21176471,0.21176471,0.1764706,0.14117648,0.1254902,0.11372549,0.08627451,0.078431375,0.07450981,0.08627451,0.06666667,0.047058824,0.06666667,0.0627451,0.05490196,0.050980393,0.047058824,0.047058824,0.043137256,0.039215688,0.0627451,0.09019608,0.11372549,0.12941177,0.16470589,0.2,0.21960784,0.22745098,0.23137255,0.21568628,0.15686275,0.11372549,0.08627451,0.078431375,0.05882353,0.050980393,0.050980393,0.039215688,0.043137256,0.03529412,0.043137256,0.050980393,0.05490196,0.050980393,0.050980393,0.039215688,0.03529412,0.03137255,0.043137256,0.0627451,0.078431375,0.10980392,0.15294118,0.1764706,0.19607843,0.2,0.19607843,0.17254902,0.12156863,0.09019608,0.07450981,0.06666667,0.050980393,0.047058824,0.039215688,0.039215688,0.043137256,0.03529412,0.039215688,0.039215688,0.0627451,0.05490196,0.050980393,0.043137256,0.039215688,0.03529412,0.039215688,0.05490196,0.07058824,0.09019608,0.12941177,0.15294118,0.16078432,0.14509805,0.14117648,0.13333334,0.105882354,0.07450981,0.06666667,0.05882353,0.047058824,0.043137256,0.043137256,0.043137256,0.047058824,0.043137256,0.043137256,0.047058824,0.0627451,0.05490196,0.050980393,0.043137256,0.043137256,0.039215688,0.039215688,0.05490196,0.0627451,0.078431375,0.09411765,0.101960786,0.11372549,0.105882354,0.09411765,0.09019608,0.07450981,0.05490196,0.047058824,0.047058824,0.043137256,0.03529412,0.039215688,0.047058824,0.050980393,0.050980393,0.050980393,0.05490196,0.0627451,0.05490196,0.047058824,0.039215688,0.039215688,0.043137256,0.043137256,0.050980393,0.047058824,0.0627451,0.08235294,0.08627451,0.08627451,0.078431375,0.07450981,0.06666667,0.05490196,0.047058824,0.043137256,0.039215688,0.03529412,0.03529412,0.039215688,0.047058824,0.050980393,0.05490196,0.050980393,0.050980393,0.05882353,0.05490196,0.047058824,0.043137256,0.039215688,0.043137256,0.03529412,0.043137256,0.047058824,0.05490196,0.06666667,0.07450981,0.078431375,0.08235294,0.078431375,0.07450981,0.05882353,0.047058824,0.03529412,0.03137255,0.039215688,0.03529412,0.03529412,0.047058824,0.043137256,0.047058824,0.043137256,0.047058824,0.05490196,0.050980393,0.043137256,0.039215688,0.03529412,0.03529412,0.03529412,0.039215688,0.039215688,0.050980393,0.05490196,0.07450981,0.07450981,0.0627451,0.06666667,0.07450981,0.05882353,0.047058824,0.03529412,0.03137255,0.03137255,0.039215688,0.039215688,0.039215688,0.039215688,0.043137256,0.047058824,0.047058824
1,0.6745098,0.6431373,0.6431373,0.6745098,0.6784314,0.654902,0.6392157,0.6156863,0.58431375,0.59607846,0.59607846,0.60784316,0.6117647,0.60784316,0.5803922,0.56078434,0.54901963,0.5294118,0.49803922,0.4862745,0.4862745,0.46666667,0.4509804,0.49803922,0.5647059,0.5921569,0.63529414,0.654902,0.5176471,0.47843137,0.47843137,0.49019608,0.49803922,0.49019608,0.4627451,0.4392157,0.44313726,0.4392157,0.42352942,0.42745098,0.42745098,0.4627451,0.50980395,0.5176471,0.57254905,0.54509807,0.52156866,0.47058824,0.42745098,0.26666668,0.14509805,0.20392157,0.34901962,0.43137255,0.4745098,0.44705883,0.49411765,0.49803922,0.56078434,0.5568628,0.54901963,0.5137255,0.45490196,0.43529412,0.44313726,0.48235294,0.49803922,0.5294118,0.5686275,0.5058824,0.49019608,0.47843137,0.45882353,0.52156866,0.49803922,0.4392157,0.4509804,0.30980393,0.09803922,0.039215688,0.09411765,0.16862746,0.21568628,0.20392157,0.5764706,0.5764706,0.5803922,0.5803922,0.5803922,0.5882353,0.6039216,0.58431375,0.6,0.64705884,0.65882355,0.61960787,0.60784316,0.6,0.6156863,0.6117647,0.59607846,0.5568628,0.38039216,0.36862746,0.4392157,0.33333334,0.12941177,0.023529412,0.07450981,0.1254902,0.16470589,0.18039216,0.627451,0.6392157,0.62352943,0.62352943,0.6156863,0.64705884,0.7411765,0.77254903,0.8039216,0.8392157,0.8039216,0.77254903,0.77254903,0.7294118,0.7647059,0.7764706,0.7921569,0.69411767,0.4627451,0.42352942,0.40784314,0.30588236,0.11764706,0.03137255,0.07450981,0.14901961,0.18431373,0.24705882,0.6509804,0.69411767,0.6901961,0.67058825,0.65882355,0.65882355,0.7411765,0.7764706,0.8117647,0.8627451,0.8745098,0.80784315,0.78039217,0.7921569,0.8352941,0.81960785,0.7764706,0.69803923,0.54901963,0.52156866,0.43529412,0.2784314,0.18039216,0.05490196,0.043137256,0.10980392,0.14117648,0.14901961,0.7294118,0.73333335,0.7372549,0.7882353,0.79607844,0.6666667,0.5882353,0.5058824,0.5137255,0.6039216,0.65882355,0.6431373,0.7058824,0.8,0.8235294,0.7176471,0.69803923,0.6431373,0.52156866,0.5019608,0.42352942,0.32156864,0.20784314,0.050980393,0.047058824,0.09803922,0.105882354,0.105882354,0.87058824,0.85882354,0.8392157,0.84705883,0.83137256,0.6509804,0.58431375,0.6431373,0.59607846,0.54901963,0.44705883,0.38039216,0.4392157,0.6392157,0.72156864,0.7607843,0.6862745,0.5529412,0.5686275,0.5568628,0.44705883,0.3882353,0.20392157,0.07450981,0.050980393,0.06666667,0.09019608,0.11372549,0.84313726,0.87058824,0.8352941,0.8156863,0.78039217,0.6,0.6,0.7607843,0.7921569,0.84313726,0.74509805,0.6,0.49411765,0.57254905,0.7019608,0.7490196,0.69411767,0.5137255,0.5647059,0.5882353,0.41568628,0.32941177,0.2509804,0.1254902,0.07058824,0.07450981,0.09019608,0.101960786,0.84705883,0.8,0.8117647,0.7647059,0.68235296,0.53333336,0.5568628,0.68235296,0.7058824,0.74509805,0.70980394,0.6392157,0.56078434,0.6156863,0.7058824,0.7294118,0.6901961,0.54509807,0.49019608,0.54901963,0.45882353,0.3254902,0.20784314,0.13333334,0.09019608,0.09019608,0.09411765,0.105882354,0.8117647,0.78039217,0.7058824,0.6666667,0.5529412,0.48235294,0.5803922,0.6666667,0.6901961,0.68235296,0.62352943,0.627451,0.5803922,0.56078434,0.6,0.64705884,0.6117647,0.47843137,0.4117647,0.45490196,0.3882353,0.28627452,0.16862746,0.15294118,0.09803922,0.07450981,0.09019608,0.09411765,0.6666667,0.65882355,0.64705884,0.6,0.49803922,0.46666667,0.5254902,0.5921569,0.64705884,0.6431373,0.6039216,0.5647059,0.49803922,0.52156866,0.6156863,0.69803923,0.6627451,0.49411765,0.3882353,0.38039216,0.3372549,0.2784314,0.14509805,0.1254902,0.09019608,0.06666667,0.078431375,0.078431375,0.5058824,0.53333336,0.50980395,0.46666667,0.4,0.37254903,0.40392157,0.47843137,0.54509807,0.52156866,0.4509804,0.38431373,0.33333334,0.34901962,0.4627451,0.5176471,0.4862745,0.39607844,0.3019608,0.26666668,0.23137255,0.19607843,0.10980392,0.09019608,0.078431375,0.07058824,0.06666667,0.0627451,0.4117647,0.43529412,0.3764706,0.36078432,0.34509805,0.3529412,0.3764706,0.41960785,0.43137255,0.4,0.36078432,0.34117648,0.3254902,0.35686275,0.40784314,0.43137255,0.4509804,0.33333334,0.22745098,0.1882353,0.18039216,0.14901961,0.09019608,0.06666667,0.07058824,0.047058824,0.043137256,0.043137256,0.38039216,0.3254902,0.29803923,0.2901961,0.29411766,0.33333334,0.34117648,0.37254903,0.39215687,0.3882353,0.34509805,0.3137255,0.30980393,0.34117648,0.3882353,0.43137255,0.43529412,0.34117648,0.26666668,0.21176471,0.19215687,0.10980392,0.05882353,0.06666667,0.06666667,0.02745098,0.02745098,0.03529412,0.43137255,0.41568628,0.34509805,0.29411766,0.29803923,0.3372549,0.34509805,0.38039216,0.4,0.38039216,0.32941177,0.3019608,0.28235295,0.29411766,0.31764707,0.39215687,0.44705883,0.39607844,0.26666668,0.18039216,0.15686275,0.1764706,0.10980392,0.050980393,0.043137256,0.03529412,0.03137255,0.03529412,0.32156864,0.29411766,0.28235295,0.30588236,0.30588236,0.30980393,0.28627452,0.27058825,0.27450982,0.2784314,0.2784314,0.2627451,0.2,0.19215687,0.22352941,0.25490198,0.3019608,0.29411766,0.22745098,0.18039216,0.15294118,0.09411765,0.043137256,0.03137255,0.047058824,0.02745098,0.02745098,0.03137255,0.24705882,0.24313726,0.23921569,0.23921569,0.2901961,0.38039216,0.35686275,0.3137255,0.3372549,0.37254903,0.38039216,0.37254903,0.3019608,0.2901961,0.30980393,0.37254903,0.43137255,0.41960785,0.34117648,0.2627451,0.19215687,0.12941177,0.07058824,0.039215688,0.03529412,0.03137255,0.02745098,0.03529412,0.3647059,0.34509805,0.31764707,0.30980393,0.32156864,0.33333334,0.33333334,0.3372549,0.33333334,0.32941177,0.3019608,0.28627452,0.3137255,0.32156864,0.33333334,0.38431373,0.4392157,0.4,0.3137255,0.22352941,0.17254902,0.105882354,0.05490196,0.039215688,0.05882353,0.050980393,0.043137256,0.043137256,0.30980393,0.30588236,0.28235295,0.28235295,0.28235295,0.28627452,0.28627452,0.30588236,0.31764707,0.3254902,0.30980393,0.29803923,0.3019608,0.32156864,0.3372549,0.39215687,0.44705883,0.43529412,0.34509805,0.27450982,0.23921569,0.19607843,0.105882354,0.05490196,0.043137256,0.039215688,0.039215688,0.043137256,0.28627452,0.26666668,0.27058825,0.25490198,0.27058825,0.2784314,0.2784314,0.28235295,0.29411766,0.28627452,0.27450982,0.2509804,0.25882354,0.2901961,0.2901961,0.3372549,0.34901962,0.34509805,0.30980393,0.21960784,0.16862746,0.16078432,0.09411765,0.06666667,0.039215688,0.03529412,0.03137255,0.043137256,0.24705882,0.2509804,0.2627451,0.23921569,0.23137255,0.23921569,0.24705882,0.24705882,0.24705882,0.23137255,0.23137255,0.22352941,0.23529412,0.2509804,0.25882354,0.28235295,0.29411766,0.30980393,0.26666668,0.15294118,0.14117648,0.12156863,0.105882354,0.07450981,0.039215688,0.043137256,0.043137256,0.047058824,0.2,0.19607843,0.1882353,0.18039216,0.1882353,0.2,0.1882353,0.2,0.2,0.19215687,0.18039216,0.16862746,0.18431373,0.1764706,0.18039216,0.18039216,0.16470589,0.14509805,0.1254902,0.08627451,0.08627451,0.08235294,0.07058824,0.047058824,0.05490196,0.050980393,0.043137256,0.050980393,0.2509804,0.23529412,0.23921569,0.25490198,0.2509804,0.22745098,0.2,0.1882353,0.1764706,0.16078432,0.15686275,0.14117648,0.12156863,0.10980392,0.11372549,0.1254902,0.12156863,0.08235294,0.07058824,0.05882353,0.05490196,0.050980393,0.05882353,0.050980393,0.047058824,0.047058824,0.050980393,0.043137256,0.29411766,0.2784314,0.2784314,0.29411766,0.31764707,0.32941177,0.33333334,0.30980393,0.26666668,0.21176471,0.16470589,0.13725491,0.12156863,0.09411765,0.09803922,0.08627451,0.078431375,0.07450981,0.05490196,0.047058824,0.03529412,0.039215688,0.039215688,0.047058824,0.043137256,0.039215688,0.047058824,0.050980393,0.23529412,0.23529412,0.24705882,0.26666668,0.2784314,0.30980393,0.3254902,0.3137255,0.30588236,0.3019608,0.2627451,0.19215687,0.14509805,0.12156863,0.101960786,0.08627451,0.08235294,0.07450981,0.06666667,0.050980393,0.039215688,0.047058824,0.047058824,0.05490196,0.047058824,0.047058824,0.047058824,0.050980393,0.19607843,0.20392157,0.21568628,0.23529412,0.2509804,0.24313726,0.23137255,0.22745098,0.22352941,0.22352941,0.2,0.16862746,0.14117648,0.10980392,0.08235294,0.08627451,0.08235294,0.07058824,0.0627451,0.047058824,0.039215688,0.050980393,0.047058824,0.06666667,0.06666667,0.047058824,0.050980393,0.050980393,0.15294118,0.15294118,0.15294118,0.16470589,0.18039216,0.18431373,0.1882353,0.1882353,0.18431373,0.16862746,0.14509805,0.11764706,0.105882354,0.09803922,0.078431375,0.07058824,0.07450981,0.0627451,0.043137256,0.039215688,0.03529412,0.039215688,0.039215688,0.050980393,0.050980393,0.047058824,0.050980393,0.050980393
1,0.5921569,0.5568628,0.5411765,0.5176471,0.5411765,0.5254902,0.49019608,0.49019608,0.50980395,0.53333336,0.49019608,0.4745098,0.47058824,0.50980395,0.5294118,0.57254905,0.5882353,0.5921569,0.57254905,0.57254905,0.5764706,0.6313726,0.6431373,0.63529414,0.65882355,0.70980394,0.7058824,0.69411767,0.58431375,0.50980395,0.48235294,0.40392157,0.36862746,0.35686275,0.33333334,0.34117648,0.35686275,0.36078432,0.4,0.4509804,0.4627451,0.49019608,0.48235294,0.50980395,0.54509807,0.5137255,0.4627451,0.4117647,0.41960785,0.44705883,0.47058824,0.4627451,0.48235294,0.49411765,0.49803922,0.5176471,0.44313726,0.43137255,0.3764706,0.27058825,0.24705882,0.25490198,0.24705882,0.26666668,0.26666668,0.2627451,0.3254902,0.37254903,0.32941177,0.32156864,0.31764707,0.32941177,0.34509805,0.34509805,0.34509805,0.34509805,0.36862746,0.36862746,0.39215687,0.4117647,0.40392157,0.40784314,0.41568628,0.45882353,0.38039216,0.36078432,0.29803923,0.25490198,0.31764707,0.36862746,0.3764706,0.34901962,0.3137255,0.33333334,0.38039216,0.3882353,0.40784314,0.44705883,0.4862745,0.5372549,0.5647059,0.54509807,0.5137255,0.5137255,0.5882353,0.57254905,0.58431375,0.5882353,0.5921569,0.63529414,0.68235296,0.69411767,0.49019608,0.47058824,0.3372549,0.22352941,0.29803923,0.29411766,0.2784314,0.24705882,0.21176471,0.21960784,0.27450982,0.32156864,0.41960785,0.4509804,0.49411765,0.49019608,0.45882353,0.5137255,0.52156866,0.54509807,0.47058824,0.47843137,0.61960787,0.6784314,0.65882355,0.6313726,0.65882355,0.69411767,0.4392157,0.32941177,0.23529412,0.23529412,0.27450982,0.23921569,0.23921569,0.18431373,0.2,0.29411766,0.29411766,0.32156864,0.45490196,0.5372549,0.5764706,0.54901963,0.49411765,0.54901963,0.6313726,0.62352943,0.5294118,0.5882353,0.654902,0.6745098,0.6745098,0.6509804,0.6745098,0.64705884,0.3764706,0.35686275,0.30980393,0.24313726,0.23137255,0.24313726,0.28235295,0.29803923,0.3137255,0.33333334,0.37254903,0.41960785,0.45490196,0.49411765,0.58431375,0.6,0.6,0.6745098,0.654902,0.6117647,0.58431375,0.5686275,0.54901963,0.6666667,0.6901961,0.64705884,0.64705884,0.6156863,0.30980393,0.34901962,0.31764707,0.24313726,0.22352941,0.27450982,0.35686275,0.3529412,0.30588236,0.32941177,0.3372549,0.36862746,0.4627451,0.4862745,0.5254902,0.53333336,0.5686275,0.62352943,0.6156863,0.59607846,0.60784316,0.6627451,0.5803922,0.62352943,0.6784314,0.63529414,0.627451,0.6117647,0.28235295,0.28627452,0.27450982,0.24705882,0.2509804,0.29803923,0.3254902,0.34509805,0.3137255,0.26666668,0.32941177,0.41960785,0.50980395,0.49803922,0.4862745,0.49803922,0.5529412,0.57254905,0.5568628,0.62352943,0.6156863,0.62352943,0.6392157,0.6039216,0.6431373,0.654902,0.6666667,0.64705884,0.28627452,0.23921569,0.23921569,0.24705882,0.2901961,0.3019608,0.30980393,0.29803923,0.28235295,0.20392157,0.23921569,0.33333334,0.42352942,0.42352942,0.44313726,0.5058824,0.5411765,0.54509807,0.5803922,0.6,0.6901961,0.70980394,0.6392157,0.62352943,0.5921569,0.627451,0.60784316,0.56078434,0.23529412,0.21960784,0.21176471,0.21176471,0.24705882,0.23921569,0.22745098,0.29411766,0.2784314,0.25490198,0.34901962,0.39215687,0.39607844,0.43137255,0.45490196,0.5176471,0.5058824,0.49411765,0.5294118,0.58431375,0.6627451,0.6313726,0.5372549,0.46666667,0.42352942,0.44705883,0.43529412,0.40392157,0.23137255,0.23137255,0.21960784,0.22745098,0.21960784,0.20784314,0.2,0.2509804,0.24705882,0.2627451,0.33333334,0.34509805,0.36078432,0.39215687,0.39607844,0.40392157,0.3529412,0.34509805,0.37254903,0.4,0.44313726,0.42745098,0.40784314,0.36862746,0.36862746,0.40784314,0.38431373,0.4,0.21176471,0.22352941,0.20784314,0.20392157,0.19607843,0.20392157,0.19215687,0.18431373,0.14901961,0.16862746,0.24705882,0.22745098,0.2,0.20784314,0.22352941,0.2627451,0.2784314,0.3019608,0.32156864,0.3372549,0.34901962,0.33333334,0.30980393,0.29411766,0.3137255,0.34901962,0.3882353,0.38039216,0.16862746,0.16862746,0.15686275,0.15294118,0.14117648,0.16078432,0.12941177,0.10980392,0.09019608,0.09019608,0.10980392,0.16470589,0.19215687,0.21960784,0.23137255,0.25882354,0.2901961,0.29411766,0.36078432,0.38039216,0.3529412,0.34901962,0.32941177,0.3372549,0.31764707,0.31764707,0.35686275,0.3882353,0.12156863,0.12941177,0.11764706,0.12941177,0.1254902,0.105882354,0.12156863,0.10980392,0.12156863,0.15294118,0.1882353,0.25490198,0.29803923,0.3019608,0.3019608,0.32156864,0.3529412,0.34117648,0.35686275,0.3764706,0.40784314,0.42745098,0.45490196,0.41568628,0.33333334,0.30588236,0.35686275,0.43137255,0.09803922,0.101960786,0.105882354,0.13333334,0.1882353,0.23137255,0.23137255,0.2,0.16862746,0.14117648,0.15294118,0.19215687,0.19215687,0.18431373,0.1882353,0.2,0.21960784,0.23921569,0.24313726,0.3019608,0.32941177,0.34901962,0.40784314,0.4,0.35686275,0.33333334,0.35686275,0.42745098,0.09019608,0.08627451,0.078431375,0.078431375,0.10980392,0.13725491,0.15294118,0.14117648,0.14509805,0.13725491,0.13333334,0.14117648,0.12941177,0.14117648,0.1254902,0.13725491,0.16470589,0.18039216,0.19607843,0.2509804,0.2901961,0.32941177,0.3764706,0.3764706,0.35686275,0.31764707,0.34117648,0.37254903,0.08235294,0.078431375,0.08235294,0.09411765,0.101960786,0.10980392,0.14901961,0.13333334,0.14117648,0.13725491,0.11372549,0.11764706,0.105882354,0.09803922,0.105882354,0.11372549,0.1254902,0.14509805,0.16470589,0.19215687,0.24313726,0.27058825,0.32156864,0.3254902,0.30980393,0.3137255,0.33333334,0.32156864,0.06666667,0.0627451,0.09411765,0.101960786,0.09803922,0.08627451,0.09019608,0.08235294,0.078431375,0.08235294,0.078431375,0.09411765,0.08627451,0.07450981,0.08235294,0.08627451,0.101960786,0.12941177,0.14901961,0.1764706,0.20784314,0.21960784,0.23529412,0.22745098,0.21176471,0.20784314,0.21960784,0.21960784,0.05490196,0.06666667,0.07450981,0.0627451,0.05882353,0.07450981,0.09019608,0.078431375,0.07058824,0.078431375,0.08627451,0.09803922,0.09803922,0.09803922,0.10980392,0.10980392,0.13725491,0.15686275,0.2,0.23921569,0.24705882,0.23529412,0.22745098,0.20784314,0.18039216,0.16470589,0.16470589,0.16470589,0.07450981,0.06666667,0.06666667,0.0627451,0.0627451,0.08235294,0.12156863,0.14509805,0.16862746,0.16470589,0.1882353,0.19215687,0.18431373,0.1764706,0.1764706,0.18039216,0.1882353,0.1882353,0.20392157,0.21568628,0.20784314,0.1764706,0.16470589,0.15294118,0.13725491,0.13333334,0.13333334,0.13725491,0.07450981,0.07058824,0.06666667,0.07450981,0.08627451,0.1254902,0.12941177,0.12941177,0.11764706,0.11372549,0.12156863,0.11372549,0.12156863,0.12941177,0.12941177,0.13725491,0.13333334,0.1254902,0.13725491,0.14117648,0.1254902,0.12156863,0.11764706,0.12156863,0.12156863,0.10980392,0.11372549,0.11372549,0.07058824,0.07450981,0.07058824,0.07058824,0.06666667,0.06666667,0.07450981,0.07450981,0.078431375,0.08627451,0.09411765,0.09803922,0.09411765,0.09803922,0.09411765,0.09019608,0.09411765,0.09411765,0.101960786,0.09803922,0.09803922,0.09411765,0.09019608,0.09803922,0.09803922,0.09803922,0.101960786,0.105882354,0.08235294,0.07450981,0.07058824,0.06666667,0.06666667,0.0627451,0.0627451,0.0627451,0.0627451,0.06666667,0.07450981,0.07058824,0.07058824,0.06666667,0.07058824,0.07058824,0.08627451,0.08627451,0.08627451,0.08627451,0.09019608,0.08627451,0.08235294,0.08235294,0.08627451,0.09019608,0.09411765,0.09803922,0.08627451,0.07450981,0.07058824,0.06666667,0.0627451,0.0627451,0.05882353,0.0627451,0.05882353,0.05490196,0.05882353,0.05490196,0.050980393,0.05490196,0.05882353,0.0627451,0.07058824,0.07450981,0.07058824,0.07450981,0.07450981,0.078431375,0.07058824,0.078431375,0.08235294,0.08627451,0.09019608,0.09803922,0.08235294,0.07450981,0.07058824,0.06666667,0.06666667,0.06666667,0.06666667,0.0627451,0.0627451,0.05882353,0.05882353,0.05882353,0.05490196,0.05490196,0.0627451,0.0627451,0.0627451,0.06666667,0.0627451,0.06666667,0.07450981,0.07450981,0.07450981,0.078431375,0.08627451,0.08627451,0.09019608,0.09803922,0.08627451,0.078431375,0.07058824,0.07450981,0.06666667,0.06666667,0.0627451,0.06666667,0.0627451,0.07058824,0.07058824,0.06666667,0.0627451,0.06666667,0.0627451,0.05882353,0.06666667,0.07450981,0.06666667,0.0627451,0.06666667,0.07058824,0.07450981,0.078431375,0.08627451,0.08235294,0.08235294,0.09019608,0.08235294,0.07058824,0.07058824,0.06666667,0.0627451,0.06666667,0.05882353,0.0627451,0.05882353,0.0627451,0.06666667,0.06666667,0.06666667,0.0627451,0.05882353,0.0627451,0.06666667,0.06666667,0.05882353,0.05490196,0.05882353,0.0627451,0.0627451,0.07058824,0.07450981,0.078431375,0.08235294,0.08627451
0,0.5137255,0.5176471,0.52156866,0.5176471,0.5529412,0.5647059,0.5921569,0.6156863,0.6,0.57254905,0.57254905,0.5921569,0.6117647,0.65882355,0.627451,0.627451,0.6039216,0.6431373,0.61960787,0.5803922,0.62352943,0.64705884,0.6156863,0.6,0.56078434,0.56078434,0.53333336,0.49803922,0.4862745,0.49019608,0.5176471,0.5411765,0.56078434,0.5803922,0.5882353,0.56078434,0.5686275,0.58431375,0.59607846,0.5803922,0.57254905,0.5764706,0.5372549,0.5294118,0.5137255,0.5254902,0.49803922,0.50980395,0.56078434,0.5529412,0.50980395,0.4862745,0.44313726,0.4392157,0.42745098,0.3882353,0.45882353,0.4392157,0.4627451,0.5568628,0.58431375,0.54509807,0.5176471,0.5019608,0.49019608,0.47058824,0.49019608,0.48235294,0.4862745,0.47058824,0.4627451,0.49803922,0.5019608,0.48235294,0.47058824,0.45882353,0.4627451,0.48235294,0.47058824,0.44705883,0.42352942,0.4,0.36862746,0.35686275,0.45490196,0.45490196,0.48235294,0.50980395,0.50980395,0.5294118,0.5411765,0.5294118,0.5254902,0.5372549,0.5372549,0.5176471,0.52156866,0.5294118,0.5372549,0.5372549,0.6117647,0.6313726,0.65882355,0.627451,0.6392157,0.7058824,0.7372549,0.7058824,0.5764706,0.5137255,0.50980395,0.4862745,0.42745098,0.42745098,0.4509804,0.49803922,0.5176471,0.5176471,0.57254905,0.57254905,0.54901963,0.57254905,0.5647059,0.5058824,0.46666667,0.47843137,0.49411765,0.45882353,0.4392157,0.46666667,0.5137255,0.54901963,0.57254905,0.6666667,0.72156864,0.6862745,0.59607846,0.5137255,0.53333336,0.5411765,0.43137255,0.44705883,0.5019608,0.56078434,0.5411765,0.50980395,0.5764706,0.56078434,0.5411765,0.53333336,0.49803922,0.4392157,0.34117648,0.32941177,0.38039216,0.38431373,0.42745098,0.4745098,0.44705883,0.43529412,0.50980395,0.5921569,0.6666667,0.6392157,0.5764706,0.53333336,0.5411765,0.54509807,0.47843137,0.49803922,0.5529412,0.58431375,0.5176471,0.4627451,0.5372549,0.5254902,0.45490196,0.35686275,0.3137255,0.3254902,0.29411766,0.22352941,0.2901961,0.27058825,0.27450982,0.2784314,0.30588236,0.29803923,0.28235295,0.3647059,0.5137255,0.5647059,0.54509807,0.5058824,0.5058824,0.5372549,0.49019608,0.4862745,0.5176471,0.52156866,0.47843137,0.42745098,0.49019608,0.46666667,0.29803923,0.22352941,0.20784314,0.2627451,0.2509804,0.21176471,0.2509804,0.2509804,0.23137255,0.23921569,0.27058825,0.29411766,0.22745098,0.2784314,0.49803922,0.5176471,0.4745098,0.47843137,0.46666667,0.4509804,0.44705883,0.45490196,0.4745098,0.47843137,0.42745098,0.39215687,0.4392157,0.36078432,0.34901962,0.31764707,0.18431373,0.22352941,0.23529412,0.20784314,0.20784314,0.21176471,0.19215687,0.22352941,0.29411766,0.29803923,0.22745098,0.23137255,0.34117648,0.44705883,0.4627451,0.4509804,0.40784314,0.36078432,0.45490196,0.4509804,0.43529412,0.40784314,0.36078432,0.34509805,0.35686275,0.29411766,0.27450982,0.2784314,0.23529412,0.25490198,0.2509804,0.23137255,0.22352941,0.17254902,0.17254902,0.22352941,0.24313726,0.21176471,0.18431373,0.18039216,0.21176471,0.31764707,0.4117647,0.40784314,0.3254902,0.3019608,0.39215687,0.39215687,0.36862746,0.34901962,0.30588236,0.30980393,0.30980393,0.27450982,0.24705882,0.2627451,0.3019608,0.31764707,0.30588236,0.2627451,0.2627451,0.25882354,0.26666668,0.24705882,0.24313726,0.18431373,0.14509805,0.14901961,0.17254902,0.2784314,0.34509805,0.31764707,0.2509804,0.24705882,0.3372549,0.32156864,0.32156864,0.3137255,0.2901961,0.30980393,0.3254902,0.30980393,0.29803923,0.29411766,0.29411766,0.29803923,0.3019608,0.30588236,0.3019608,0.29411766,0.34509805,0.34117648,0.3137255,0.2509804,0.18431373,0.16470589,0.19215687,0.27450982,0.2901961,0.2627451,0.24705882,0.25490198,0.3137255,0.31764707,0.33333334,0.33333334,0.29803923,0.2901961,0.34509805,0.41568628,0.5019608,0.54509807,0.5294118,0.5137255,0.43529412,0.34117648,0.29803923,0.30980393,0.3647059,0.36862746,0.32941177,0.32156864,0.27058825,0.23921569,0.29411766,0.34509805,0.3019608,0.2509804,0.22745098,0.21960784,0.27058825,0.28627452,0.3137255,0.32156864,0.28235295,0.26666668,0.3372549,0.4117647,0.48235294,0.5529412,0.6313726,0.65882355,0.6117647,0.5058824,0.45882353,0.5176471,0.5764706,0.5411765,0.4392157,0.4,0.37254903,0.43137255,0.49411765,0.43529412,0.28627452,0.20784314,0.18431373,0.18431373,0.23137255,0.23529412,0.27450982,0.26666668,0.24313726,0.23529412,0.3254902,0.3882353,0.47058824,0.5647059,0.6039216,0.62352943,0.6156863,0.60784316,0.6117647,0.6627451,0.68235296,0.69803923,0.6784314,0.6431373,0.61960787,0.62352943,0.52156866,0.40392157,0.25490198,0.18431373,0.1764706,0.18039216,0.20784314,0.20784314,0.21960784,0.21568628,0.21176471,0.25882354,0.35686275,0.43529412,0.5176471,0.57254905,0.5803922,0.5882353,0.59607846,0.6039216,0.61960787,0.6431373,0.65882355,0.6901961,0.69411767,0.6784314,0.63529414,0.56078434,0.4627451,0.39607844,0.31764707,0.22745098,0.20784314,0.19215687,0.19215687,0.19215687,0.19607843,0.19607843,0.2,0.23921569,0.30588236,0.39215687,0.47058824,0.5294118,0.5568628,0.5647059,0.5568628,0.54509807,0.5529412,0.5686275,0.5803922,0.6431373,0.67058825,0.6509804,0.6156863,0.5411765,0.4862745,0.42352942,0.30980393,0.22352941,0.18039216,0.16470589,0.17254902,0.18039216,0.18039216,0.17254902,0.17254902,0.21568628,0.25882354,0.35686275,0.47843137,0.54901963,0.5764706,0.5411765,0.52156866,0.50980395,0.50980395,0.5411765,0.57254905,0.6117647,0.60784316,0.6666667,0.65882355,0.5568628,0.4627451,0.34117648,0.25882354,0.23137255,0.2,0.17254902,0.14901961,0.15686275,0.15686275,0.15294118,0.15686275,0.19215687,0.25882354,0.37254903,0.45882353,0.5058824,0.5647059,0.5686275,0.58431375,0.59607846,0.5921569,0.6,0.6156863,0.6313726,0.5921569,0.6,0.6,0.54901963,0.49019608,0.42745098,0.36078432,0.23137255,0.15294118,0.12156863,0.13725491,0.14117648,0.13333334,0.12941177,0.14901961,0.1882353,0.26666668,0.37254903,0.45490196,0.50980395,0.53333336,0.46666667,0.47058824,0.49019608,0.5176471,0.52156866,0.57254905,0.6313726,0.6039216,0.61960787,0.63529414,0.5803922,0.5058824,0.3882353,0.27058825,0.19607843,0.17254902,0.18039216,0.12156863,0.12156863,0.12156863,0.1254902,0.15294118,0.20784314,0.24705882,0.3137255,0.39215687,0.47058824,0.49803922,0.46666667,0.49411765,0.47058824,0.42745098,0.4,0.40784314,0.42745098,0.41960785,0.45490196,0.50980395,0.49411765,0.4117647,0.3529412,0.34509805,0.29803923,0.27058825,0.22745098,0.105882354,0.10980392,0.105882354,0.105882354,0.1254902,0.16078432,0.19607843,0.28627452,0.36862746,0.44313726,0.4392157,0.43137255,0.4862745,0.50980395,0.45882353,0.4627451,0.44313726,0.42745098,0.44705883,0.52156866,0.6039216,0.6039216,0.5803922,0.5764706,0.49019608,0.32941177,0.21960784,0.16078432,0.11372549,0.10980392,0.11372549,0.11764706,0.13725491,0.15686275,0.18039216,0.2627451,0.3372549,0.4,0.44313726,0.4627451,0.5137255,0.52156866,0.5058824,0.53333336,0.5058824,0.5058824,0.58431375,0.6862745,0.7372549,0.7137255,0.61960787,0.5058824,0.34509805,0.23529412,0.16470589,0.13333334,0.10980392,0.10980392,0.10980392,0.12156863,0.14509805,0.1764706,0.22745098,0.2901961,0.3137255,0.31764707,0.35686275,0.43529412,0.52156866,0.54509807,0.5372549,0.5176471,0.54509807,0.5568628,0.54901963,0.5882353,0.6431373,0.60784316,0.53333336,0.44313726,0.34901962,0.26666668,0.17254902,0.13725491,0.105882354,0.101960786,0.105882354,0.11372549,0.12156863,0.14509805,0.1882353,0.25882354,0.30588236,0.30588236,0.32156864,0.3647059,0.4117647,0.4627451,0.41960785,0.38039216,0.40392157,0.40392157,0.44705883,0.48235294,0.5176471,0.52156866,0.4745098,0.39607844,0.3254902,0.2627451,0.1882353,0.16862746,0.105882354,0.105882354,0.105882354,0.11372549,0.1254902,0.15294118,0.19215687,0.22745098,0.25490198,0.24313726,0.23921569,0.27450982,0.34117648,0.38431373,0.3647059,0.34509805,0.34117648,0.34117648,0.3764706,0.4117647,0.45490196,0.4392157,0.38039216,0.34117648,0.3372549,0.27450982,0.19607843,0.15294118,0.101960786,0.101960786,0.105882354,0.105882354,0.11372549,0.12941177,0.14509805,0.17254902,0.19215687,0.18431373,0.2,0.23529412,0.3019608,0.3529412,0.35686275,0.32156864,0.29803923,0.28627452,0.27450982,0.27450982,0.3019608,0.34901962,0.3647059,0.2901961,0.22352941,0.16470589,0.12941177,0.101960786,0.09803922,0.09411765,0.09019608,0.09803922,0.105882354,0.12156863,0.13725491,0.15686275,0.17254902,0.18039216,0.18431373,0.20784314,0.26666668,0.28235295,0.25490198,0.23529412,0.23921569,0.22745098,0.21176471,0.21568628,0.25882354,0.39607844,0.3372549,0.20392157,0.16078432,0.13333334,0.11372549,0.101960786
1,0.6,0.56078434,0.5686275,0.5568628,0.5568628,0.5529412,0.53333336,0.56078434,0.57254905,0.5294118,0.49803922,0.5411765,0.6039216,0.58431375,0.5568628,0.5529412,0.5529412,0.54509807,0.56078434,0.52156866,0.5294118,0.5921569,0.60784316,0.5803922,0.5803922,0.57254905,0.5647059,0.5803922,0.53333336,0.4862745,0.44313726,0.41960785,0.4392157,0.40392157,0.39607844,0.42745098,0.44313726,0.45882353,0.4117647,0.43137255,0.44313726,0.43137255,0.41960785,0.43137255,0.44313726,0.46666667,0.4862745,0.47843137,0.42352942,0.4392157,0.41568628,0.40392157,0.3882353,0.39607844,0.49411765,0.4745098,0.4509804,0.42352942,0.39215687,0.43529412,0.5411765,0.43137255,0.36078432,0.30980393,0.32156864,0.42745098,0.40784314,0.38039216,0.3647059,0.34901962,0.30980393,0.33333334,0.38039216,0.38431373,0.32941177,0.34901962,0.35686275,0.3882353,0.38431373,0.4,0.41960785,0.36078432,0.37254903,0.42745098,0.46666667,0.4509804,0.41960785,0.37254903,0.39607844,0.42352942,0.4509804,0.4,0.37254903,0.38431373,0.41568628,0.45882353,0.46666667,0.41568628,0.42745098,0.4862745,0.5058824,0.48235294,0.38039216,0.3647059,0.34509805,0.3529412,0.38431373,0.41960785,0.5058824,0.45882353,0.39607844,0.38431373,0.47058824,0.48235294,0.44313726,0.40392157,0.4392157,0.4117647,0.39215687,0.34117648,0.35686275,0.39215687,0.41960785,0.43137255,0.41568628,0.39607844,0.44313726,0.48235294,0.48235294,0.45882353,0.38431373,0.37254903,0.36078432,0.39607844,0.4509804,0.4509804,0.44705883,0.40784314,0.42745098,0.3882353,0.5058824,0.53333336,0.48235294,0.42352942,0.48235294,0.44313726,0.42352942,0.34901962,0.34901962,0.39607844,0.42745098,0.4392157,0.43137255,0.42352942,0.42352942,0.49019608,0.6117647,0.62352943,0.54901963,0.5882353,0.5411765,0.45882353,0.4745098,0.46666667,0.43137255,0.37254903,0.34509805,0.35686275,0.5921569,0.58431375,0.43137255,0.36862746,0.43529412,0.39215687,0.36078432,0.32156864,0.31764707,0.3529412,0.3882353,0.4392157,0.4745098,0.46666667,0.44313726,0.4745098,0.5372549,0.48235294,0.62352943,0.6313726,0.6392157,0.5921569,0.5176471,0.46666667,0.43137255,0.4392157,0.35686275,0.3882353,0.64705884,0.49803922,0.2784314,0.25490198,0.36078432,0.43529412,0.3882353,0.3647059,0.3647059,0.31764707,0.101960786,0.13333334,0.1882353,0.3647059,0.48235294,0.50980395,0.60784316,0.6431373,0.59607846,0.5529412,0.5686275,0.5764706,0.60784316,0.6,0.60784316,0.5803922,0.5294118,0.50980395,0.36862746,0.31764707,0.28627452,0.41568628,0.39215687,0.4392157,0.4745098,0.48235294,0.49803922,0.38431373,0.101960786,0.05490196,0.12941177,0.3137255,0.41568628,0.49411765,0.64705884,0.61960787,0.45490196,0.4509804,0.4745098,0.52156866,0.54509807,0.5568628,0.5882353,0.5372549,0.44313726,0.44313726,0.32156864,0.29803923,0.31764707,0.4392157,0.47058824,0.54509807,0.5647059,0.5176471,0.56078434,0.60784316,0.6156863,0.5529412,0.59607846,0.5686275,0.38039216,0.3529412,0.36862746,0.34509805,0.34509805,0.31764707,0.3137255,0.37254903,0.39607844,0.41960785,0.43529412,0.42352942,0.39215687,0.37254903,0.39607844,0.4117647,0.39607844,0.48235294,0.4862745,0.5882353,0.6509804,0.58431375,0.5921569,0.68235296,0.77254903,0.79607844,0.70980394,0.49803922,0.27058825,0.30980393,0.35686275,0.3372549,0.30588236,0.25490198,0.27058825,0.3254902,0.34901962,0.39607844,0.43137255,0.43529412,0.42352942,0.34509805,0.31764707,0.3254902,0.3764706,0.48235294,0.5254902,0.54901963,0.6156863,0.6431373,0.6431373,0.7490196,0.76862746,0.70980394,0.5529412,0.3764706,0.24705882,0.3137255,0.38431373,0.39607844,0.46666667,0.40392157,0.3764706,0.44313726,0.49803922,0.4627451,0.40784314,0.4,0.36862746,0.31764707,0.22745098,0.18039216,0.20784314,0.2784314,0.3137255,0.3254902,0.32941177,0.34509805,0.38039216,0.49411765,0.5411765,0.5764706,0.5411765,0.45882353,0.43137255,0.4627451,0.4862745,0.4627451,0.45882353,0.3372549,0.32941177,0.44705883,0.4509804,0.39607844,0.33333334,0.3254902,0.33333334,0.3137255,0.15686275,0.17254902,0.21960784,0.2627451,0.3019608,0.3254902,0.30588236,0.32156864,0.38431373,0.4627451,0.5647059,0.54509807,0.5254902,0.4509804,0.3764706,0.40392157,0.4392157,0.3882353,0.3764706,0.41568628,0.39607844,0.5137255,0.5176471,0.44705883,0.38431373,0.3529412,0.31764707,0.3019608,0.24313726,0.29803923,0.34509805,0.41568628,0.37254903,0.39607844,0.4392157,0.4,0.33333334,0.34117648,0.4,0.44705883,0.49803922,0.42352942,0.39607844,0.3764706,0.42352942,0.39607844,0.4117647,0.42745098,0.41568628,0.45490196,0.4627451,0.42352942,0.39215687,0.37254903,0.33333334,0.29803923,0.15294118,0.1764706,0.23137255,0.3372549,0.29803923,0.3137255,0.34901962,0.34509805,0.3372549,0.34117648,0.35686275,0.36078432,0.4,0.41568628,0.3882353,0.34509805,0.37254903,0.36078432,0.30980393,0.25490198,0.23529412,0.28235295,0.36078432,0.32941177,0.25882354,0.24313726,0.1882353,0.14509805,0.17254902,0.21568628,0.23529412,0.2627451,0.3254902,0.35686275,0.36862746,0.38431373,0.39215687,0.38039216,0.4117647,0.33333334,0.30980393,0.30980393,0.34509805,0.37254903,0.42745098,0.44705883,0.4117647,0.24313726,0.2,0.22745098,0.28235295,0.29411766,0.24313726,0.20784314,0.12941177,0.09019608,0.18431373,0.21960784,0.22745098,0.2784314,0.3137255,0.29411766,0.2901961,0.2901961,0.2784314,0.2627451,0.3137255,0.3647059,0.42745098,0.45490196,0.39607844,0.3764706,0.39215687,0.3647059,0.27450982,0.12941177,0.105882354,0.13333334,0.16470589,0.19215687,0.18431373,0.16862746,0.09411765,0.050980393,0.1764706,0.19607843,0.19607843,0.20784314,0.23137255,0.22745098,0.22352941,0.20392157,0.23137255,0.34509805,0.45882353,0.4509804,0.36862746,0.30980393,0.27058825,0.23921569,0.24313726,0.24705882,0.18039216,0.09019608,0.0627451,0.08627451,0.11764706,0.14901961,0.14117648,0.1254902,0.05882353,0.023529412,0.09411765,0.12156863,0.14117648,0.17254902,0.21176471,0.22352941,0.28627452,0.3137255,0.29411766,0.28235295,0.31764707,0.29803923,0.2627451,0.23921569,0.19607843,0.18039216,0.16470589,0.16470589,0.11764706,0.050980393,0.039215688,0.05882353,0.07058824,0.09803922,0.105882354,0.08235294,0.039215688,0.011764706,0.11372549,0.16078432,0.20392157,0.2509804,0.2784314,0.2627451,0.23921569,0.21176471,0.18039216,0.18039216,0.23137255,0.22745098,0.21960784,0.1882353,0.13725491,0.12156863,0.12156863,0.12941177,0.09019608,0.039215688,0.03529412,0.03529412,0.043137256,0.050980393,0.05490196,0.047058824,0.03137255,0.011764706,0.18039216,0.20784314,0.1764706,0.14901961,0.14509805,0.13333334,0.13333334,0.14117648,0.14117648,0.15294118,0.18431373,0.17254902,0.15294118,0.13725491,0.09803922,0.09019608,0.09803922,0.105882354,0.0627451,0.023529412,0.019607844,0.015686275,0.019607844,0.02745098,0.019607844,0.015686275,0.007843138,0.003921569,0.09411765,0.101960786,0.09803922,0.101960786,0.105882354,0.09803922,0.11372549,0.11764706,0.105882354,0.101960786,0.12156863,0.12156863,0.12941177,0.1254902,0.078431375,0.0627451,0.06666667,0.07058824,0.03137255,0.015686275,0.011764706,0.007843138,0.015686275,0.02745098,0.023529412,0.007843138,0.003921569,0.003921569,0.047058824,0.050980393,0.06666667,0.078431375,0.09019608,0.07058824,0.06666667,0.07450981,0.07058824,0.08235294,0.09803922,0.101960786,0.09411765,0.09019608,0.0627451,0.043137256,0.039215688,0.03529412,0.019607844,0.011764706,0.003921569,0.003921569,0.011764706,0.019607844,0.019607844,0.011764706,0.007843138,0.007843138,0.023529412,0.03137255,0.047058824,0.05490196,0.05882353,0.050980393,0.039215688,0.043137256,0.043137256,0.05490196,0.06666667,0.0627451,0.06666667,0.06666667,0.039215688,0.023529412,0.02745098,0.03137255,0.011764706,0.003921569,0.003921569,0.003921569,0.007843138,0.02745098,0.03137255,0.019607844,0.011764706,0.007843138,0.011764706,0.015686275,0.02745098,0.03137255,0.03529412,0.02745098,0.03137255,0.03137255,0.039215688,0.03529412,0.043137256,0.039215688,0.043137256,0.039215688,0.019607844,0.011764706,0.015686275,0.015686275,0.007843138,0.003921569,0.003921569,0.003921569,0.007843138,0.039215688,0.039215688,0.015686275,0.007843138,0.007843138,0.007843138,0.011764706,0.019607844,0.019607844,0.019607844,0.019607844,0.015686275,0.011764706,0.011764706,0.011764706,0.023529412,0.019607844,0.019607844,0.015686275,0.007843138,0.007843138,0.007843138,0.007843138,0.003921569,0.003921569,0.003921569,0.003921569,0.011764706,0.050980393,0.043137256,0.011764706,0.007843138,0.003921569,0.007843138,0.003921569,0.007843138,0.011764706,0.011764706,0.011764706,0.007843138,0.007843138,0.007843138,0.003921569,0.007843138,0.007843138,0.007843138,0.003921569,0.003921569,0.003921569,0.007843138,0.003921569,0.003921569,0.003921569,0.003921569,0.003921569,0.011764706,0.043137256,0.03529412,0.011764706,0.007843138,0.007843138
1,0.5647059,0.5686275,0.59607846,0.5921569,0.5803922,0.54901963,0.57254905,0.5882353,0.5882353,0.5647059,0.52156866,0.5294118,0.5686275,0.6313726,0.63529414,0.58431375,0.5764706,0.5882353,0.5764706,0.5254902,0.52156866,0.5137255,0.5372549,0.5686275,0.5647059,0.5686275,0.6039216,0.61960787,0.44313726,0.4392157,0.4509804,0.4509804,0.4627451,0.4392157,0.4627451,0.48235294,0.46666667,0.44313726,0.4627451,0.4745098,0.49019608,0.5568628,0.5058824,0.47843137,0.45882353,0.4862745,0.48235294,0.39215687,0.40784314,0.41960785,0.43137255,0.47843137,0.5294118,0.5294118,0.54901963,0.56078434,0.37254903,0.36078432,0.39607844,0.41960785,0.40784314,0.42352942,0.5019608,0.5568628,0.54509807,0.49019608,0.47843137,0.39215687,0.5411765,0.6039216,0.5372549,0.5058824,0.42745098,0.40392157,0.40392157,0.3764706,0.34901962,0.3764706,0.36862746,0.4117647,0.5019608,0.5764706,0.60784316,0.5568628,0.5058824,0.47843137,0.5019608,0.49019608,0.47058824,0.52156866,0.63529414,0.63529414,0.5686275,0.50980395,0.47058824,0.4627451,0.6431373,0.7254902,0.6431373,0.5372549,0.52156866,0.5058824,0.46666667,0.4509804,0.48235294,0.5137255,0.53333336,0.5529412,0.6509804,0.6666667,0.5058824,0.44705883,0.6509804,0.6627451,0.65882355,0.57254905,0.5411765,0.57254905,0.5647059,0.5686275,0.65882355,0.54509807,0.45490196,0.49019608,0.5686275,0.6862745,0.627451,0.5254902,0.6117647,0.6313726,0.6039216,0.6117647,0.69411767,0.69411767,0.56078434,0.4862745,0.5529412,0.6,0.5058824,0.5254902,0.64705884,0.67058825,0.7490196,0.7058824,0.61960787,0.6509804,0.60784316,0.61960787,0.72156864,0.6784314,0.5058824,0.49019608,0.5058824,0.54901963,0.5372549,0.5529412,0.5372549,0.62352943,0.68235296,0.63529414,0.53333336,0.57254905,0.49019608,0.47843137,0.5019608,0.5254902,0.627451,0.70980394,0.54901963,0.62352943,0.6784314,0.62352943,0.56078434,0.5019608,0.44313726,0.5254902,0.6431373,0.6156863,0.43137255,0.4117647,0.47843137,0.5921569,0.45882353,0.5921569,0.60784316,0.6509804,0.6431373,0.57254905,0.43529412,0.39215687,0.3882353,0.49411765,0.56078434,0.56078434,0.61960787,0.7019608,0.31764707,0.4627451,0.5529412,0.49803922,0.47058824,0.41568628,0.2901961,0.29411766,0.34509805,0.28627452,0.20392157,0.3019608,0.5058824,0.6156863,0.44313726,0.4392157,0.4862745,0.54509807,0.6039216,0.5647059,0.5372549,0.54509807,0.5686275,0.627451,0.6509804,0.6156863,0.6156863,0.6627451,0.25490198,0.34117648,0.36078432,0.32156864,0.3254902,0.27058825,0.14117648,0.11372549,0.11764706,0.08627451,0.07058824,0.09803922,0.19215687,0.28235295,0.34509805,0.49803922,0.5372549,0.39607844,0.46666667,0.41960785,0.3647059,0.39215687,0.4392157,0.41568628,0.41960785,0.42745098,0.43529412,0.5137255,0.21568628,0.21568628,0.22745098,0.20392157,0.19215687,0.11764706,0.07450981,0.07058824,0.07058824,0.050980393,0.047058824,0.05882353,0.09411765,0.105882354,0.1764706,0.44705883,0.5294118,0.35686275,0.36078432,0.32941177,0.3137255,0.27450982,0.26666668,0.21960784,0.21568628,0.26666668,0.25490198,0.24705882,0.18039216,0.21176471,0.1764706,0.12156863,0.09803922,0.05882353,0.047058824,0.039215688,0.043137256,0.03529412,0.03137255,0.03137255,0.05490196,0.0627451,0.078431375,0.28235295,0.39607844,0.30980393,0.30588236,0.27450982,0.25882354,0.21960784,0.18431373,0.1764706,0.18431373,0.18431373,0.19215687,0.18039216,0.10980392,0.13333334,0.101960786,0.08235294,0.05490196,0.03137255,0.02745098,0.023529412,0.02745098,0.019607844,0.015686275,0.015686275,0.019607844,0.02745098,0.047058824,0.19215687,0.27450982,0.2627451,0.27058825,0.24313726,0.16078432,0.09803922,0.101960786,0.11764706,0.09803922,0.09411765,0.09803922,0.101960786,0.0627451,0.07450981,0.05490196,0.03529412,0.023529412,0.007843138,0.007843138,0.003921569,0.003921569,0.003921569,0.003921569,0.003921569,0.003921569,0.007843138,0.050980393,0.23921569,0.25490198,0.09411765,0.09803922,0.09019608,0.043137256,0.03137255,0.050980393,0.05490196,0.039215688,0.039215688,0.047058824,0.0627451,0.047058824,0.05490196,0.02745098,0.011764706,0.039215688,0.047058824,0.007843138,0.003921569,0.003921569,0.003921569,0.003921569,0.003921569,0.003921569,0.003921569,0.039215688,0.15686275,0.14117648,0.05882353,0.0627451,0.0627451,0.023529412,0.015686275,0.03529412,0.02745098,0.02745098,0.023529412,0.039215688,0.078431375,0.047058824,0.050980393,0.02745098,0.019607844,0.09803922,0.14509805,0.05490196,0.007843138,0.003921569,0.003921569,0.003921569,0.003921569,0.011764706,0.07450981,0.13725491,0.20784314,0.17254902,0.078431375,0.07450981,0.05882353,0.03529412,0.043137256,0.09803922,0.047058824,0.03137255,0.03137255,0.05490196,0.08627451,0.03137255,0.02745098,0.015686275,0.023529412,0.09411765,0.23921569,0.23137255,0.08235294,0.019607844,0.007843138,0.011764706,0.043137256,0.10980392,0.24313726,0.22745098,0.18431373,0.13333334,0.06666667,0.06666667,0.06666667,0.07058824,0.08235294,0.11764706,0.11764706,0.09019608,0.050980393,0.02745098,0.02745098,0.015686275,0.011764706,0.015686275,0.03137255,0.09411765,0.23529412,0.41568628,0.3882353,0.26666668,0.19215687,0.22352941,0.30980393,0.38039216,0.32941177,0.23921569,0.09803922,0.03137255,0.011764706,0.011764706,0.015686275,0.039215688,0.08627451,0.09019608,0.10980392,0.1254902,0.12156863,0.09411765,0.078431375,0.011764706,0.011764706,0.011764706,0.047058824,0.15686275,0.3137255,0.43137255,0.5058824,0.52156866,0.54509807,0.5294118,0.48235294,0.46666667,0.41568628,0.25490198,0.047058824,0.003921569,0.003921569,0.011764706,0.015686275,0.023529412,0.05882353,0.05882353,0.043137256,0.039215688,0.03137255,0.03529412,0.047058824,0.015686275,0.015686275,0.019607844,0.043137256,0.14509805,0.29803923,0.44313726,0.4627451,0.47843137,0.4862745,0.5058824,0.5019608,0.4509804,0.34117648,0.20392157,0.05882353,0.05882353,0.050980393,0.03529412,0.03137255,0.03529412,0.015686275,0.023529412,0.019607844,0.015686275,0.019607844,0.02745098,0.05490196,0.019607844,0.015686275,0.011764706,0.03137255,0.10980392,0.2,0.3647059,0.37254903,0.3764706,0.3529412,0.32941177,0.3137255,0.2901961,0.2,0.12941177,0.05882353,0.0627451,0.047058824,0.047058824,0.043137256,0.043137256,0.047058824,0.03529412,0.019607844,0.019607844,0.019607844,0.03529412,0.06666667,0.023529412,0.019607844,0.015686275,0.03137255,0.105882354,0.16078432,0.2627451,0.34901962,0.30588236,0.2627451,0.2509804,0.21568628,0.16862746,0.09411765,0.02745098,0.007843138,0.003921569,0.007843138,0.011764706,0.019607844,0.02745098,0.023529412,0.03529412,0.03137255,0.047058824,0.05882353,0.07058824,0.078431375,0.0627451,0.047058824,0.0627451,0.08627451,0.12941177,0.18431373,0.2627451,0.34117648,0.36862746,0.36862746,0.3764706,0.35686275,0.24705882,0.14509805,0.050980393,0.011764706,0.019607844,0.023529412,0.039215688,0.043137256,0.039215688,0.03529412,0.023529412,0.039215688,0.08627451,0.10980392,0.09411765,0.078431375,0.02745098,0.039215688,0.07058824,0.16470589,0.28235295,0.34117648,0.39607844,0.45490196,0.4862745,0.48235294,0.45882353,0.41568628,0.3764706,0.27450982,0.18431373,0.08627451,0.08235294,0.0627451,0.043137256,0.023529412,0.015686275,0.015686275,0.023529412,0.050980393,0.08627451,0.11372549,0.07450981,0.0627451,0.03137255,0.03529412,0.03137255,0.07058824,0.17254902,0.25490198,0.3019608,0.34117648,0.41960785,0.44313726,0.43529412,0.41960785,0.3882353,0.33333334,0.21960784,0.105882354,0.101960786,0.101960786,0.07450981,0.039215688,0.03137255,0.023529412,0.03137255,0.043137256,0.050980393,0.05490196,0.06666667,0.07450981,0.02745098,0.02745098,0.03137255,0.039215688,0.078431375,0.12156863,0.16078432,0.19215687,0.21960784,0.28627452,0.31764707,0.33333334,0.2901961,0.21960784,0.14117648,0.09019608,0.08235294,0.06666667,0.050980393,0.05882353,0.078431375,0.07058824,0.0627451,0.050980393,0.047058824,0.05490196,0.05882353,0.0627451,0.043137256,0.039215688,0.039215688,0.043137256,0.05882353,0.08235294,0.12941177,0.14901961,0.17254902,0.20392157,0.24313726,0.29803923,0.2627451,0.18431373,0.12941177,0.050980393,0.039215688,0.023529412,0.023529412,0.02745098,0.050980393,0.05882353,0.043137256,0.039215688,0.05490196,0.06666667,0.07058824,0.06666667,0.047058824,0.050980393,0.047058824,0.05882353,0.078431375,0.09411765,0.10980392,0.12156863,0.13725491,0.16078432,0.1882353,0.22745098,0.21568628,0.16862746,0.101960786,0.047058824,0.02745098,0.023529412,0.03137255,0.023529412,0.019607844,0.02745098,0.03137255,0.03137255,0.043137256,0.047058824,0.047058824,0.05490196,0.047058824,0.043137256,0.039215688,0.039215688,0.05490196,0.08235294,0.09803922,0.13725491,0.15294118,0.13725491,0.105882354,0.101960786,0.09019608,0.05490196,0.02745098,0.02745098,0.019607844,0.02745098,0.023529412,0.03137255,0.02745098,0.023529412,0.023529412,0.03137255,0.039215688,0.039215688,0.039215688,0.043137256
1,0.34901962,0.3647059,0.3529412,0.34509805,0.35686275,0.34509805,0.36078432,0.39607844,0.38039216,0.37254903,0.3882353,0.34117648,0.33333334,0.3647059,0.3647059,0.34901962,0.34901962,0.39215687,0.38039216,0.3529412,0.34117648,0.32941177,0.30588236,0.3019608,0.34117648,0.3647059,0.35686275,0.3647059,0.27450982,0.30980393,0.33333334,0.32156864,0.30588236,0.3019608,0.28235295,0.2627451,0.25882354,0.28627452,0.3254902,0.3137255,0.34117648,0.3647059,0.37254903,0.36862746,0.33333334,0.33333334,0.3529412,0.34509805,0.3137255,0.28627452,0.30980393,0.3529412,0.33333334,0.3137255,0.28235295,0.30980393,0.27058825,0.2901961,0.3019608,0.3019608,0.2901961,0.3372549,0.3764706,0.4,0.4117647,0.41960785,0.4117647,0.38431373,0.37254903,0.37254903,0.34901962,0.3372549,0.31764707,0.2901961,0.26666668,0.23137255,0.20784314,0.19215687,0.20392157,0.22745098,0.2627451,0.30588236,0.32156864,0.3137255,0.34901962,0.3647059,0.41568628,0.44313726,0.45882353,0.5294118,0.43529412,0.4117647,0.4,0.38431373,0.3647059,0.28627452,0.2509804,0.23529412,0.20784314,0.2509804,0.29411766,0.26666668,0.21960784,0.17254902,0.17254902,0.16862746,0.16470589,0.1882353,0.22745098,0.2,0.29411766,0.40392157,0.43137255,0.45490196,0.4862745,0.5372549,0.5372549,0.46666667,0.2901961,0.3019608,0.30980393,0.25882354,0.21568628,0.2,0.1764706,0.19607843,0.22745098,0.27058825,0.2901961,0.23921569,0.22745098,0.17254902,0.15686275,0.16862746,0.20392157,0.21960784,0.22745098,0.21176471,0.27450982,0.37254903,0.5529412,0.6039216,0.60784316,0.47058824,0.3529412,0.3019608,0.2627451,0.2627451,0.24313726,0.21176471,0.19215687,0.20784314,0.19215687,0.19215687,0.25882354,0.32156864,0.32156864,0.22745098,0.2,0.16862746,0.15294118,0.16078432,0.21176471,0.23137255,0.2901961,0.30980393,0.26666668,0.35686275,0.5568628,0.57254905,0.53333336,0.46666667,0.38039216,0.35686275,0.3019608,0.3019608,0.32156864,0.28235295,0.24705882,0.22745098,0.20392157,0.21960784,0.24313726,0.24705882,0.23137255,0.2,0.19607843,0.18039216,0.1882353,0.24705882,0.28627452,0.33333334,0.32941177,0.25490198,0.23529412,0.34901962,0.53333336,0.5058824,0.44313726,0.47058824,0.4745098,0.47058824,0.36862746,0.3254902,0.3254902,0.34901962,0.2901961,0.28627452,0.27058825,0.25490198,0.23137255,0.23529412,0.25882354,0.22352941,0.20392157,0.22745098,0.27058825,0.32156864,0.37254903,0.36862746,0.34117648,0.33333334,0.36078432,0.4627451,0.42352942,0.49803922,0.4745098,0.42745098,0.42352942,0.44705883,0.43137255,0.34901962,0.35686275,0.3647059,0.32941177,0.32941177,0.3137255,0.30588236,0.29411766,0.2509804,0.21568628,0.2,0.22352941,0.24313726,0.23529412,0.27058825,0.2784314,0.2627451,0.2901961,0.3372549,0.32156864,0.38039216,0.38039216,0.39215687,0.36862746,0.32941177,0.3647059,0.40784314,0.38039216,0.3372549,0.31764707,0.32156864,0.3529412,0.39607844,0.34901962,0.30588236,0.2784314,0.27058825,0.25882354,0.26666668,0.27058825,0.23921569,0.22352941,0.24705882,0.2627451,0.28627452,0.33333334,0.34509805,0.35686275,0.40392157,0.3372549,0.3137255,0.2901961,0.25882354,0.3019608,0.3372549,0.28627452,0.23529412,0.22745098,0.23529412,0.2627451,0.23529412,0.1882353,0.18039216,0.19607843,0.18039216,0.18039216,0.19607843,0.19215687,0.17254902,0.1254902,0.1254902,0.1254902,0.13333334,0.1764706,0.21176471,0.27058825,0.3019608,0.25490198,0.22352941,0.20784314,0.20784314,0.20392157,0.24313726,0.22745098,0.18039216,0.17254902,0.18039216,0.18431373,0.19607843,0.20784314,0.16862746,0.11372549,0.08235294,0.08235294,0.09019608,0.08235294,0.0627451,0.05490196,0.07058824,0.09411765,0.105882354,0.11764706,0.14509805,0.19215687,0.21568628,0.21176471,0.20392157,0.22745098,0.21176471,0.21960784,0.21960784,0.19215687,0.16470589,0.18039216,0.19215687,0.21568628,0.22745098,0.20784314,0.11764706,0.07450981,0.07058824,0.08627451,0.08627451,0.08627451,0.06666667,0.0627451,0.09803922,0.15294118,0.14901961,0.12156863,0.12156863,0.1254902,0.11764706,0.2,0.1764706,0.19607843,0.21176471,0.24313726,0.2784314,0.26666668,0.24705882,0.23529412,0.21176471,0.18431373,0.13333334,0.105882354,0.08235294,0.07450981,0.078431375,0.09019608,0.10980392,0.10980392,0.09019608,0.078431375,0.09019608,0.11372549,0.11372549,0.10980392,0.1254902,0.1254902,0.11372549,0.19215687,0.21568628,0.26666668,0.2627451,0.26666668,0.27058825,0.2509804,0.2,0.16078432,0.13333334,0.14509805,0.14117648,0.11764706,0.09803922,0.07450981,0.06666667,0.08235294,0.105882354,0.09411765,0.08235294,0.0627451,0.0627451,0.105882354,0.11372549,0.105882354,0.11372549,0.1254902,0.105882354,0.16078432,0.16470589,0.18039216,0.16078432,0.15686275,0.16470589,0.12941177,0.11764706,0.12156863,0.13725491,0.16470589,0.15686275,0.12941177,0.101960786,0.07058824,0.07058824,0.07450981,0.08627451,0.08627451,0.08627451,0.06666667,0.08627451,0.09411765,0.09411765,0.09019608,0.09803922,0.09803922,0.08627451,0.08235294,0.09019608,0.10980392,0.10980392,0.09803922,0.09803922,0.105882354,0.11764706,0.12156863,0.12941177,0.14117648,0.14117648,0.12156863,0.09803922,0.09019608,0.105882354,0.11372549,0.15686275,0.16078432,0.15686275,0.105882354,0.09803922,0.105882354,0.09019608,0.07450981,0.078431375,0.08235294,0.08235294,0.11372549,0.13333334,0.14509805,0.14117648,0.11764706,0.105882354,0.09803922,0.101960786,0.11764706,0.12941177,0.14901961,0.14117648,0.12941177,0.12156863,0.10980392,0.12941177,0.15686275,0.1882353,0.19607843,0.19607843,0.19607843,0.23137255,0.21960784,0.18431373,0.1764706,0.16862746,0.14509805,0.14117648,0.10980392,0.14117648,0.15686275,0.17254902,0.17254902,0.14509805,0.12941177,0.12941177,0.1254902,0.13725491,0.14901961,0.15294118,0.15294118,0.14117648,0.10980392,0.105882354,0.11764706,0.11764706,0.10980392,0.10980392,0.13333334,0.17254902,0.18039216,0.17254902,0.18039216,0.18431373,0.1764706,0.1764706,0.13725491,0.15294118,0.14117648,0.13725491,0.1254902,0.12941177,0.13725491,0.14901961,0.15294118,0.16862746,0.15686275,0.14901961,0.13333334,0.12156863,0.11764706,0.12941177,0.14509805,0.15294118,0.15686275,0.1764706,0.19607843,0.24705882,0.29411766,0.28627452,0.25490198,0.19607843,0.1764706,0.18431373,0.19215687,0.19215687,0.17254902,0.16862746,0.17254902,0.18431373,0.1764706,0.18431373,0.19607843,0.19215687,0.19607843,0.17254902,0.15294118,0.14117648,0.13725491,0.12941177,0.12156863,0.11764706,0.1254902,0.14509805,0.15294118,0.15686275,0.18431373,0.22745098,0.24313726,0.21960784,0.1882353,0.1764706,0.21176471,0.21960784,0.21960784,0.20784314,0.20784314,0.21960784,0.23137255,0.22352941,0.20392157,0.18039216,0.15686275,0.13725491,0.14117648,0.14117648,0.12941177,0.10980392,0.08627451,0.09019608,0.12941177,0.16862746,0.19215687,0.1882353,0.14901961,0.11764706,0.1254902,0.14509805,0.16862746,0.19607843,0.27450982,0.30588236,0.29803923,0.30980393,0.29803923,0.2784314,0.2784314,0.28235295,0.28235295,0.2627451,0.25490198,0.23921569,0.22745098,0.22352941,0.20784314,0.22352941,0.23529412,0.25490198,0.29411766,0.2901961,0.2784314,0.2509804,0.19215687,0.13333334,0.101960786,0.09803922,0.101960786,0.13333334,0.26666668,0.26666668,0.25882354,0.26666668,0.28235295,0.28627452,0.3137255,0.3137255,0.33333334,0.3254902,0.31764707,0.30980393,0.31764707,0.32156864,0.30980393,0.29411766,0.26666668,0.24705882,0.21960784,0.19215687,0.1764706,0.17254902,0.17254902,0.16078432,0.13333334,0.105882354,0.101960786,0.12156863,0.16862746,0.18431373,0.20392157,0.22745098,0.25490198,0.25490198,0.27058825,0.2784314,0.29803923,0.30980393,0.34117648,0.33333334,0.3019608,0.27058825,0.24313726,0.21568628,0.21568628,0.20392157,0.17254902,0.16078432,0.12941177,0.11372549,0.10980392,0.12156863,0.12156863,0.11372549,0.101960786,0.105882354,0.14117648,0.16470589,0.16862746,0.17254902,0.18431373,0.19215687,0.22745098,0.23529412,0.25490198,0.2784314,0.24313726,0.21176471,0.19215687,0.18039216,0.18039216,0.19215687,0.21176471,0.20784314,0.21960784,0.23921569,0.22745098,0.18039216,0.15294118,0.13725491,0.1254902,0.11372549,0.09411765,0.09803922,0.1254902,0.13725491,0.13725491,0.14901961,0.14509805,0.14509805,0.16078432,0.18431373,0.21960784,0.23137255,0.19215687,0.18431373,0.21176471,0.21960784,0.22745098,0.24705882,0.26666668,0.23921569,0.20784314,0.2,0.18431373,0.14117648,0.14117648,0.14117648,0.15294118,0.16078432,0.13725491,0.13333334,0.20784314,0.20784314,0.18431373,0.16470589,0.14509805,0.13725491,0.13333334,0.13333334,0.15294118,0.17254902,0.19215687,0.21176471,0.23137255,0.21568628,0.19607843,0.1882353,0.18431373,0.19607843,0.18431373,0.16470589,0.16862746,0.1254902,0.09803922,0.08627451,0.09411765,0.09411765,0.08627451,0.105882354
0,0.69411767,0.69411767,0.7058824,0.78039217,0.7882353,0.77254903,0.73333335,0.7254902,0.7176471,0.7254902,0.7019608,0.7411765,0.7529412,0.73333335,0.7372549,0.73333335,0.7137255,0.74509805,0.7647059,0.7372549,0.7607843,0.7882353,0.8039216,0.78039217,0.7254902,0.74509805,0.7372549,0.69803923,0.69803923,0.6745098,0.6509804,0.6509804,0.64705884,0.61960787,0.5764706,0.5882353,0.5686275,0.54509807,0.5411765,0.56078434,0.59607846,0.6,0.62352943,0.59607846,0.6431373,0.6313726,0.5803922,0.57254905,0.5921569,0.6,0.60784316,0.5921569,0.5686275,0.6117647,0.5803922,0.5764706,0.61960787,0.654902,0.68235296,0.6745098,0.7019608,0.69803923,0.69411767,0.6901961,0.6,0.53333336,0.5647059,0.5882353,0.5372549,0.54901963,0.68235296,0.6313726,0.5686275,0.54509807,0.57254905,0.6039216,0.6156863,0.6,0.6,0.5568628,0.50980395,0.5647059,0.5568628,0.57254905,0.6117647,0.6627451,0.67058825,0.67058825,0.6901961,0.69411767,0.65882355,0.69411767,0.69411767,0.6627451,0.6901961,0.6666667,0.62352943,0.6117647,0.7529412,0.74509805,0.5647059,0.5529412,0.62352943,0.6509804,0.6392157,0.64705884,0.6627451,0.62352943,0.5647059,0.57254905,0.6117647,0.6156863,0.627451,0.67058825,0.6901961,0.7019608,0.69411767,0.6784314,0.6313726,0.67058825,0.7607843,0.7764706,0.8666667,0.8392157,0.8235294,0.7607843,0.7019608,0.7058824,0.5882353,0.5921569,0.6431373,0.6666667,0.654902,0.6627451,0.6745098,0.65882355,0.627451,0.6392157,0.63529414,0.61960787,0.6666667,0.6901961,0.7019608,0.73333335,0.73333335,0.7058824,0.654902,0.6431373,0.7137255,0.7254902,0.827451,0.8784314,0.87058824,0.84705883,0.6862745,0.6313726,0.67058825,0.69411767,0.7058824,0.7137255,0.7490196,0.7254902,0.72156864,0.6784314,0.627451,0.62352943,0.627451,0.6313726,0.67058825,0.69411767,0.7411765,0.8156863,0.827451,0.7882353,0.75686276,0.75686276,0.70980394,0.61960787,0.6,0.5803922,0.6,0.58431375,0.5176471,0.4627451,0.56078434,0.7529412,0.78431374,0.8,0.81960785,0.7607843,0.72156864,0.69411767,0.65882355,0.6117647,0.60784316,0.61960787,0.61960787,0.5882353,0.6,0.6666667,0.7176471,0.7019608,0.7019608,0.7411765,0.68235296,0.5294118,0.4862745,0.5058824,0.52156866,0.45490196,0.36862746,0.3254902,0.3882353,0.59607846,0.7607843,0.79607844,0.80784315,0.78039217,0.7372549,0.7137255,0.6666667,0.59607846,0.627451,0.6156863,0.54509807,0.5568628,0.6039216,0.6431373,0.6784314,0.6901961,0.6745098,0.6862745,0.654902,0.5803922,0.5058824,0.5176471,0.49803922,0.4,0.2901961,0.21568628,0.2901961,0.38431373,0.5921569,0.7647059,0.8117647,0.7921569,0.7254902,0.7176471,0.6901961,0.60784316,0.5803922,0.5411765,0.5294118,0.58431375,0.62352943,0.64705884,0.69803923,0.7176471,0.7372549,0.7019608,0.60784316,0.5254902,0.5058824,0.5568628,0.45882353,0.29803923,0.21176471,0.16078432,0.22352941,0.2901961,0.45882353,0.6392157,0.67058825,0.6666667,0.63529414,0.6117647,0.54509807,0.49803922,0.49019608,0.45882353,0.53333336,0.5803922,0.62352943,0.63529414,0.6117647,0.59607846,0.5686275,0.5137255,0.48235294,0.44705883,0.4509804,0.49803922,0.43137255,0.29411766,0.1882353,0.12156863,0.16078432,0.23137255,0.36078432,0.50980395,0.54509807,0.57254905,0.57254905,0.5647059,0.5254902,0.48235294,0.4627451,0.45490196,0.5176471,0.5294118,0.5647059,0.59607846,0.54509807,0.5294118,0.5372549,0.44705883,0.41960785,0.39607844,0.37254903,0.40392157,0.41960785,0.2901961,0.17254902,0.101960786,0.13725491,0.25882354,0.3764706,0.42352942,0.45882353,0.5176471,0.5411765,0.5294118,0.5019608,0.45882353,0.4392157,0.43529412,0.6313726,0.65882355,0.6862745,0.6784314,0.56078434,0.49803922,0.5137255,0.44313726,0.35686275,0.32156864,0.30980393,0.3137255,0.27058825,0.16862746,0.12941177,0.09411765,0.18039216,0.2784314,0.34117648,0.35686275,0.40784314,0.49019608,0.53333336,0.5529412,0.54901963,0.5372549,0.5411765,0.54901963,0.6901961,0.69803923,0.7176471,0.6784314,0.6,0.6117647,0.5764706,0.45490196,0.37254903,0.3019608,0.27450982,0.25882354,0.16862746,0.078431375,0.047058824,0.03529412,0.09803922,0.17254902,0.23137255,0.28627452,0.38431373,0.47843137,0.5294118,0.5411765,0.6,0.6313726,0.6313726,0.6313726,0.5568628,0.57254905,0.60784316,0.5921569,0.5882353,0.5921569,0.54901963,0.41568628,0.32941177,0.25490198,0.19215687,0.15294118,0.07058824,0.03137255,0.03137255,0.023529412,0.043137256,0.101960786,0.17254902,0.23921569,0.3254902,0.45490196,0.5254902,0.5411765,0.57254905,0.57254905,0.5137255,0.49803922,0.4117647,0.44705883,0.50980395,0.5058824,0.49019608,0.46666667,0.4,0.32156864,0.24705882,0.20392157,0.14117648,0.078431375,0.03137255,0.019607844,0.03137255,0.03529412,0.03529412,0.06666667,0.12941177,0.20784314,0.30980393,0.42745098,0.47058824,0.49019608,0.5058824,0.52156866,0.5176471,0.5372549,0.4,0.43137255,0.42352942,0.40392157,0.39607844,0.42352942,0.38039216,0.28235295,0.2,0.14901961,0.09411765,0.050980393,0.02745098,0.019607844,0.047058824,0.047058824,0.039215688,0.0627451,0.10980392,0.1882353,0.3019608,0.42352942,0.47843137,0.5137255,0.5254902,0.5058824,0.48235294,0.49019608,0.40392157,0.3882353,0.3647059,0.32941177,0.3019608,0.2784314,0.23921569,0.19215687,0.16470589,0.11372549,0.07058824,0.02745098,0.015686275,0.03137255,0.03529412,0.043137256,0.047058824,0.05882353,0.09411765,0.19215687,0.29411766,0.3882353,0.43137255,0.43529412,0.44313726,0.43529412,0.43137255,0.4117647,0.37254903,0.3137255,0.28627452,0.2509804,0.2784314,0.28627452,0.22745098,0.19215687,0.16470589,0.11764706,0.08235294,0.043137256,0.039215688,0.047058824,0.05490196,0.08235294,0.101960786,0.11372549,0.15686275,0.2509804,0.3647059,0.5176471,0.6039216,0.6039216,0.6,0.64705884,0.6117647,0.5921569,0.49803922,0.4627451,0.38431373,0.3019608,0.3137255,0.32941177,0.23529412,0.21960784,0.1764706,0.14117648,0.09019608,0.047058824,0.03137255,0.02745098,0.05882353,0.09803922,0.13333334,0.15686275,0.23529412,0.3372549,0.4745098,0.627451,0.7176471,0.7607843,0.76862746,0.7411765,0.6627451,0.59607846,0.45882353,0.45882353,0.39607844,0.29411766,0.23921569,0.21960784,0.1764706,0.14509805,0.12156863,0.07450981,0.05882353,0.039215688,0.023529412,0.023529412,0.02745098,0.050980393,0.07058824,0.09019608,0.14901961,0.2509804,0.3882353,0.47058824,0.5411765,0.5568628,0.54901963,0.54509807,0.54901963,0.5058824,0.36078432,0.34509805,0.31764707,0.26666668,0.30980393,0.30980393,0.24313726,0.20392157,0.15686275,0.11764706,0.08627451,0.050980393,0.02745098,0.02745098,0.03137255,0.047058824,0.05882353,0.08235294,0.13725491,0.2,0.28627452,0.36078432,0.39607844,0.43137255,0.4627451,0.45490196,0.40784314,0.3764706,0.31764707,0.2901961,0.2509804,0.27450982,0.3019608,0.29803923,0.21960784,0.16078432,0.14117648,0.10980392,0.078431375,0.05882353,0.039215688,0.039215688,0.047058824,0.05490196,0.06666667,0.07450981,0.12941177,0.21960784,0.3019608,0.3647059,0.37254903,0.3254902,0.30588236,0.30588236,0.29803923,0.2784314,0.32156864,0.2627451,0.21176471,0.21960784,0.24705882,0.25882354,0.2,0.15686275,0.12941177,0.09019608,0.07058824,0.05490196,0.050980393,0.05490196,0.05490196,0.07450981,0.078431375,0.09019608,0.12941177,0.19607843,0.3019608,0.3529412,0.3137255,0.3137255,0.28235295,0.26666668,0.26666668,0.24705882,0.29803923,0.28627452,0.24705882,0.23921569,0.2627451,0.27058825,0.20392157,0.14509805,0.11764706,0.07450981,0.06666667,0.05490196,0.05490196,0.05490196,0.05882353,0.06666667,0.07058824,0.09019608,0.13333334,0.19607843,0.26666668,0.25490198,0.25882354,0.3019608,0.28627452,0.23137255,0.25490198,0.22745098,0.25490198,0.23529412,0.19607843,0.1882353,0.16862746,0.15294118,0.13725491,0.101960786,0.08235294,0.06666667,0.05490196,0.05490196,0.05490196,0.05882353,0.06666667,0.07450981,0.08235294,0.09803922,0.12941177,0.15686275,0.19215687,0.19215687,0.20392157,0.21568628,0.25882354,0.3137255,0.3254902,0.27058825,0.19215687,0.1764706,0.16470589,0.14117648,0.11372549,0.105882354,0.09411765,0.078431375,0.07450981,0.06666667,0.05490196,0.05490196,0.05490196,0.05882353,0.0627451,0.07450981,0.08627451,0.11764706,0.15686275,0.20392157,0.24313726,0.2901961,0.34901962,0.2901961,0.2627451,0.24705882,0.23529412,0.23921569,0.14509805,0.12941177,0.105882354,0.09803922,0.101960786,0.09019608,0.08235294,0.078431375,0.0627451,0.05490196,0.050980393,0.050980393,0.05490196,0.05490196,0.05882353,0.0627451,0.078431375,0.11372549,0.14117648,0.19607843,0.23529412,0.25882354,0.2509804,0.24313726,0.23921569,0.21568628,0.2,0.21960784
1,0.72156864,0.70980394,0.7058824,0.7294118,0.7058824,0.70980394,0.6862745,0.7137255,0.74509805,0.7529412,0.76862746,0.78039217,0.7529412,0.75686276,0.78039217,0.75686276,0.70980394,0.7137255,0.72156864,0.7294118,0.7254902,0.7019608,0.7294118,0.7294118,0.7294118,0.7254902,0.7254902,0.7254902,0.5137255,0.5294118,0.5411765,0.54509807,0.5529412,0.5803922,0.6431373,0.6627451,0.6627451,0.64705884,0.6313726,0.61960787,0.58431375,0.60784316,0.6666667,0.6313726,0.5921569,0.6117647,0.64705884,0.65882355,0.61960787,0.5803922,0.57254905,0.6117647,0.6509804,0.6509804,0.654902,0.65882355,0.49019608,0.5372549,0.54509807,0.58431375,0.6117647,0.49019608,0.48235294,0.52156866,0.56078434,0.56078434,0.54901963,0.57254905,0.5254902,0.5176471,0.5411765,0.5568628,0.5882353,0.5294118,0.4509804,0.44313726,0.41960785,0.43529412,0.42745098,0.4627451,0.48235294,0.43529412,0.4392157,0.47843137,0.4627451,0.49019608,0.5176471,0.5529412,0.5529412,0.4509804,0.4392157,0.4627451,0.49411765,0.49411765,0.4862745,0.48235294,0.47843137,0.47058824,0.48235294,0.45490196,0.45882353,0.43529412,0.43137255,0.40784314,0.3882353,0.4117647,0.4,0.4,0.41960785,0.47843137,0.4862745,0.49411765,0.5529412,0.58431375,0.58431375,0.5882353,0.50980395,0.43529412,0.44313726,0.49803922,0.5137255,0.5254902,0.5176471,0.5137255,0.5254902,0.5019608,0.49019608,0.44313726,0.4627451,0.41568628,0.42745098,0.45490196,0.44313726,0.4392157,0.41960785,0.4509804,0.52156866,0.5764706,0.5058824,0.4862745,0.69411767,0.6784314,0.54509807,0.5411765,0.5372549,0.58431375,0.6313726,0.5882353,0.5803922,0.5803922,0.57254905,0.56078434,0.5372549,0.5294118,0.49411765,0.4627451,0.4862745,0.44705883,0.44705883,0.5019608,0.5568628,0.627451,0.5921569,0.627451,0.56078434,0.5019608,0.4862745,0.48235294,0.5803922,0.60784316,0.6392157,0.60784316,0.5882353,0.72156864,0.80784315,0.83137256,0.79607844,0.7254902,0.70980394,0.6745098,0.61960787,0.59607846,0.6,0.6392157,0.6666667,0.64705884,0.63529414,0.64705884,0.7058824,0.76862746,0.7411765,0.7411765,0.6666667,0.6313726,0.6313726,0.5921569,0.6,0.5254902,0.58431375,0.54509807,0.5529412,0.7058824,0.65882355,0.70980394,0.80784315,0.7764706,0.79607844,0.79607844,0.7176471,0.7294118,0.74509805,0.68235296,0.7019608,0.67058825,0.6313726,0.6039216,0.5803922,0.59607846,0.5882353,0.6627451,0.61960787,0.67058825,0.6117647,0.5803922,0.54509807,0.5411765,0.5254902,0.4509804,0.43529412,0.5254902,0.49019608,0.61960787,0.78039217,0.80784315,0.77254903,0.7490196,0.7490196,0.76862746,0.7490196,0.7137255,0.7019608,0.6431373,0.58431375,0.5568628,0.58431375,0.627451,0.59607846,0.5882353,0.5686275,0.6666667,0.70980394,0.65882355,0.4392157,0.4627451,0.4117647,0.34901962,0.3882353,0.3372549,0.4392157,0.6,0.6627451,0.75686276,0.76862746,0.7529412,0.77254903,0.7411765,0.69411767,0.654902,0.6627451,0.59607846,0.5176471,0.5294118,0.60784316,0.6156863,0.5019608,0.4509804,0.42745098,0.5254902,0.59607846,0.6039216,0.37254903,0.4,0.3529412,0.29803923,0.3254902,0.4117647,0.47058824,0.47058824,0.53333336,0.6392157,0.7176471,0.6509804,0.6117647,0.6,0.6745098,0.6509804,0.6392157,0.5882353,0.5019608,0.41960785,0.39607844,0.43529412,0.3254902,0.30588236,0.32156864,0.4,0.45882353,0.4745098,0.32156864,0.32156864,0.32941177,0.29411766,0.28627452,0.3882353,0.45882353,0.49803922,0.54509807,0.6039216,0.6627451,0.62352943,0.6392157,0.627451,0.58431375,0.50980395,0.5019608,0.5019608,0.41568628,0.37254903,0.39607844,0.33333334,0.28235295,0.3254902,0.34901962,0.42745098,0.46666667,0.45490196,0.33333334,0.3137255,0.3019608,0.30588236,0.3019608,0.3372549,0.38431373,0.34117648,0.28627452,0.30588236,0.4117647,0.5019608,0.59607846,0.58431375,0.46666667,0.34901962,0.34509805,0.32156864,0.29411766,0.2901961,0.32156864,0.28235295,0.28235295,0.3019608,0.36078432,0.43529412,0.47843137,0.49803922,0.29803923,0.27058825,0.23921569,0.23529412,0.24705882,0.2784314,0.25490198,0.18039216,0.16078432,0.18431373,0.24313726,0.3372549,0.46666667,0.4627451,0.41960785,0.37254903,0.36862746,0.3764706,0.3764706,0.3647059,0.3647059,0.3529412,0.33333334,0.36078432,0.3764706,0.41960785,0.47058824,0.47843137,0.23529412,0.22352941,0.21568628,0.21960784,0.23137255,0.24705882,0.19215687,0.13725491,0.12156863,0.13725491,0.17254902,0.25490198,0.37254903,0.42745098,0.47843137,0.5686275,0.58431375,0.5764706,0.5254902,0.44705883,0.3647059,0.36862746,0.44313726,0.50980395,0.5294118,0.49803922,0.4745098,0.4509804,0.2,0.2,0.19215687,0.16470589,0.16470589,0.1882353,0.25882354,0.21568628,0.15686275,0.16862746,0.22352941,0.29803923,0.34117648,0.38431373,0.44705883,0.4745098,0.4745098,0.4509804,0.43529412,0.38431373,0.36862746,0.36862746,0.41960785,0.5058824,0.53333336,0.54901963,0.6117647,0.60784316,0.047058824,0.06666667,0.06666667,0.08235294,0.13333334,0.21960784,0.34509805,0.48235294,0.54509807,0.5372549,0.5294118,0.52156866,0.5529412,0.6156863,0.6117647,0.5764706,0.62352943,0.5882353,0.4745098,0.32941177,0.27058825,0.32156864,0.42352942,0.49019608,0.5647059,0.64705884,0.7529412,0.7411765,0.02745098,0.039215688,0.05490196,0.09019608,0.11372549,0.2,0.3764706,0.52156866,0.5882353,0.6039216,0.5764706,0.52156866,0.54509807,0.60784316,0.5882353,0.50980395,0.4862745,0.44313726,0.37254903,0.3019608,0.25490198,0.25490198,0.29411766,0.36862746,0.41960785,0.44705883,0.5529412,0.6039216,0.047058824,0.050980393,0.047058824,0.0627451,0.07058824,0.14901961,0.29803923,0.45882353,0.48235294,0.46666667,0.47058824,0.4509804,0.46666667,0.49803922,0.49411765,0.43529412,0.42352942,0.38431373,0.35686275,0.27058825,0.1882353,0.20392157,0.26666668,0.32156864,0.3764706,0.38039216,0.3882353,0.39215687,0.07058824,0.047058824,0.047058824,0.047058824,0.07058824,0.16470589,0.32156864,0.45882353,0.47058824,0.4627451,0.42745098,0.4117647,0.43529412,0.4745098,0.43137255,0.32941177,0.3254902,0.29411766,0.25490198,0.1764706,0.12941177,0.1254902,0.16470589,0.20784314,0.2509804,0.3137255,0.36078432,0.36862746,0.101960786,0.08627451,0.07450981,0.078431375,0.09019608,0.15686275,0.2627451,0.38039216,0.4627451,0.43137255,0.35686275,0.31764707,0.34901962,0.40392157,0.34509805,0.26666668,0.25882354,0.22352941,0.16862746,0.11764706,0.101960786,0.13333334,0.21568628,0.27450982,0.2784314,0.30588236,0.34509805,0.39215687,0.09019608,0.07450981,0.06666667,0.06666667,0.07450981,0.09803922,0.17254902,0.2509804,0.32156864,0.32156864,0.30980393,0.29411766,0.29411766,0.30980393,0.28235295,0.24705882,0.21960784,0.20392157,0.15686275,0.105882354,0.08235294,0.11764706,0.16078432,0.19215687,0.25882354,0.29803923,0.32941177,0.36862746,0.02745098,0.03137255,0.02745098,0.023529412,0.03529412,0.05882353,0.11372549,0.1882353,0.25490198,0.28235295,0.26666668,0.24313726,0.23137255,0.23137255,0.22352941,0.20392157,0.16078432,0.13333334,0.12156863,0.101960786,0.09803922,0.10980392,0.12156863,0.16078432,0.22745098,0.27450982,0.29411766,0.32156864,0.019607844,0.015686275,0.011764706,0.015686275,0.015686275,0.039215688,0.09411765,0.1254902,0.1764706,0.19215687,0.17254902,0.17254902,0.17254902,0.16078432,0.1764706,0.19215687,0.19607843,0.21176471,0.21568628,0.19215687,0.11764706,0.101960786,0.11764706,0.16862746,0.21568628,0.26666668,0.29411766,0.3137255,0.011764706,0.007843138,0.007843138,0.011764706,0.011764706,0.02745098,0.05490196,0.10980392,0.15294118,0.1764706,0.1882353,0.22352941,0.23137255,0.23921569,0.27450982,0.28627452,0.25882354,0.21176471,0.15294118,0.10980392,0.07058824,0.078431375,0.105882354,0.13333334,0.19215687,0.23921569,0.27450982,0.2901961,0.011764706,0.007843138,0.011764706,0.011764706,0.019607844,0.03529412,0.0627451,0.12941177,0.18039216,0.23921569,0.25882354,0.2784314,0.25490198,0.22745098,0.20392157,0.1764706,0.16078432,0.12941177,0.09019608,0.07450981,0.05882353,0.07058824,0.09019608,0.10980392,0.14901961,0.19215687,0.22745098,0.2627451,0.007843138,0.007843138,0.011764706,0.011764706,0.023529412,0.043137256,0.09411765,0.14117648,0.17254902,0.18039216,0.17254902,0.16470589,0.16078432,0.14117648,0.14117648,0.13333334,0.11372549,0.09411765,0.08235294,0.08627451,0.10980392,0.14117648,0.18039216,0.2509804,0.32156864,0.35686275,0.4117647,0.45490196,0.007843138,0.007843138,0.007843138,0.011764706,0.015686275,0.039215688,0.06666667,0.08627451,0.09803922,0.101960786,0.105882354,0.101960786,0.105882354,0.101960786,0.105882354,0.101960786,0.07058824,0.05882353,0.0627451,0.0627451,0.08235294,0.11764706,0.14117648,0.17254902,0.21176471,0.22352941,0.24705882,0.2509804
0,0.20392157,0.21176471,0.22745098,0.22352941,0.22352941,0.20784314,0.2,0.20784314,0.21176471,0.21568628,0.18431373,0.20784314,0.21568628,0.21568628,0.19215687,0.15294118,0.14117648,0.15686275,0.15294118,0.18431373,0.20784314,0.22745098,0.23921569,0.23529412,0.23921569,0.24705882,0.23137255,0.21960784,0.23921569,0.25490198,0.25882354,0.23137255,0.18039216,0.16078432,0.16078432,0.19607843,0.16078432,0.09019608,0.07058824,0.11764706,0.1254902,0.12156863,0.10980392,0.078431375,0.105882354,0.14509805,0.14901961,0.16862746,0.19607843,0.18039216,0.18431373,0.1882353,0.19607843,0.20784314,0.19607843,0.1882353,0.26666668,0.25882354,0.23529412,0.19607843,0.14901961,0.14901961,0.1882353,0.2,0.14901961,0.09803922,0.08627451,0.09803922,0.09411765,0.101960786,0.11764706,0.078431375,0.105882354,0.13725491,0.15686275,0.19215687,0.21960784,0.21960784,0.22745098,0.23529412,0.2509804,0.24705882,0.19607843,0.23137255,0.36862746,0.4117647,0.3764706,0.26666668,0.13333334,0.09803922,0.10980392,0.15686275,0.15686275,0.13333334,0.105882354,0.09411765,0.105882354,0.15294118,0.14901961,0.13333334,0.19215687,0.22745098,0.24705882,0.3254902,0.32941177,0.33333334,0.32156864,0.3137255,0.33333334,0.32941177,0.29411766,0.34509805,0.25882354,0.25490198,0.25490198,0.18431373,0.13725491,0.105882354,0.105882354,0.10980392,0.12156863,0.1254902,0.12941177,0.105882354,0.08235294,0.16862746,0.18039216,0.20392157,0.3019608,0.34509805,0.32941177,0.39607844,0.43529412,0.44313726,0.41568628,0.39215687,0.39607844,0.4,0.4,0.44705883,0.31764707,0.2784314,0.22745098,0.1882353,0.16078432,0.15294118,0.14901961,0.10980392,0.105882354,0.11372549,0.11372549,0.11372549,0.047058824,0.105882354,0.13725491,0.15294118,0.22745098,0.28627452,0.34901962,0.4117647,0.47843137,0.5686275,0.56078434,0.54509807,0.50980395,0.4627451,0.4117647,0.3882353,0.34509805,0.2901961,0.21568628,0.19607843,0.19607843,0.20392157,0.18431373,0.12941177,0.1254902,0.078431375,0.078431375,0.09803922,0.12156863,0.20784314,0.24705882,0.28627452,0.3254902,0.31764707,0.3529412,0.3882353,0.44705883,0.49411765,0.38431373,0.4509804,0.44705883,0.42745098,0.3882353,0.37254903,0.34509805,0.29803923,0.2509804,0.23137255,0.20392157,0.23529412,0.22352941,0.16862746,0.105882354,0.07450981,0.10980392,0.10980392,0.15294118,0.23529412,0.28627452,0.3254902,0.4117647,0.46666667,0.5529412,0.5529412,0.43529412,0.44705883,0.4862745,0.46666667,0.49411765,0.4745098,0.43137255,0.46666667,0.39215687,0.3529412,0.31764707,0.29803923,0.2784314,0.25490198,0.20392157,0.14117648,0.1254902,0.1254902,0.14901961,0.1254902,0.13725491,0.16078432,0.18431373,0.2627451,0.4,0.4745098,0.5137255,0.48235294,0.49019608,0.6313726,0.70980394,0.6784314,0.68235296,0.7490196,0.69803923,0.6313726,0.41568628,0.39607844,0.3764706,0.34901962,0.3019608,0.3019608,0.24313726,0.19215687,0.14117648,0.1254902,0.13333334,0.105882354,0.10980392,0.12941177,0.12941177,0.21568628,0.29411766,0.34509805,0.3764706,0.4117647,0.52156866,0.6431373,0.6392157,0.6313726,0.67058825,0.67058825,0.62352943,0.5647059,0.4,0.3137255,0.27450982,0.22745098,0.20784314,0.21568628,0.20392157,0.24313726,0.1882353,0.13725491,0.16470589,0.13725491,0.1254902,0.09803922,0.10980392,0.2,0.27450982,0.32941177,0.3764706,0.44313726,0.5764706,0.6431373,0.61960787,0.6,0.6392157,0.5686275,0.5764706,0.5647059,0.3137255,0.21568628,0.13725491,0.105882354,0.14509805,0.16078432,0.14509805,0.18039216,0.16078432,0.0627451,0.05882353,0.07058824,0.09803922,0.105882354,0.11372549,0.14901961,0.20784314,0.28235295,0.34509805,0.42352942,0.49803922,0.5058824,0.5058824,0.5372549,0.56078434,0.5372549,0.5686275,0.6156863,0.23529412,0.23921569,0.19215687,0.12941177,0.10980392,0.09411765,0.078431375,0.07450981,0.047058824,0.015686275,0.011764706,0.011764706,0.015686275,0.02745098,0.050980393,0.078431375,0.13333334,0.1764706,0.22745098,0.31764707,0.40392157,0.42745098,0.43137255,0.45490196,0.4862745,0.47843137,0.49411765,0.5254902,0.1882353,0.17254902,0.12941177,0.09803922,0.078431375,0.0627451,0.050980393,0.039215688,0.015686275,0.007843138,0.011764706,0.011764706,0.015686275,0.019607844,0.05882353,0.10980392,0.15294118,0.21568628,0.3019608,0.39215687,0.47843137,0.4862745,0.41960785,0.34509805,0.33333334,0.34117648,0.3647059,0.36862746,0.23529412,0.18431373,0.13725491,0.09411765,0.05882353,0.047058824,0.047058824,0.039215688,0.023529412,0.011764706,0.011764706,0.023529412,0.03137255,0.039215688,0.07450981,0.13725491,0.16470589,0.1882353,0.25490198,0.30588236,0.33333334,0.29803923,0.2901961,0.27058825,0.30588236,0.3647059,0.39607844,0.41568628,0.27058825,0.20784314,0.18431373,0.15294118,0.10980392,0.06666667,0.047058824,0.03529412,0.023529412,0.023529412,0.03529412,0.05490196,0.05882353,0.043137256,0.043137256,0.0627451,0.08235294,0.11372549,0.18039216,0.22352941,0.22352941,0.23137255,0.32941177,0.35686275,0.4117647,0.4509804,0.4509804,0.42745098,0.27058825,0.25490198,0.24313726,0.21568628,0.18431373,0.14901961,0.11764706,0.08627451,0.050980393,0.03529412,0.043137256,0.05490196,0.05490196,0.043137256,0.043137256,0.0627451,0.09019608,0.13333334,0.1882353,0.24705882,0.28627452,0.2901961,0.30588236,0.30980393,0.3647059,0.44313726,0.44313726,0.40784314,0.32156864,0.3019608,0.28627452,0.24705882,0.22352941,0.20392157,0.17254902,0.13333334,0.09803922,0.078431375,0.06666667,0.05490196,0.039215688,0.03137255,0.039215688,0.06666667,0.105882354,0.16078432,0.23921569,0.3137255,0.3254902,0.27450982,0.30980393,0.32941177,0.37254903,0.4392157,0.44705883,0.4392157,0.19215687,0.19215687,0.19607843,0.1764706,0.16470589,0.16862746,0.16470589,0.14117648,0.12941177,0.10980392,0.08627451,0.0627451,0.039215688,0.047058824,0.0627451,0.08627451,0.11764706,0.13333334,0.19607843,0.2627451,0.3137255,0.3372549,0.3882353,0.38431373,0.39607844,0.44705883,0.49803922,0.48235294,0.09803922,0.08627451,0.078431375,0.08235294,0.08235294,0.07450981,0.0627451,0.06666667,0.07058824,0.08235294,0.08627451,0.078431375,0.06666667,0.07450981,0.078431375,0.09411765,0.12156863,0.15686275,0.23137255,0.2627451,0.2901961,0.32156864,0.32941177,0.33333334,0.3529412,0.34509805,0.3882353,0.4392157,0.0627451,0.05490196,0.05490196,0.050980393,0.05490196,0.05882353,0.05490196,0.05490196,0.0627451,0.078431375,0.09803922,0.105882354,0.105882354,0.09411765,0.08627451,0.09019608,0.11764706,0.14901961,0.19215687,0.22352941,0.25490198,0.26666668,0.27450982,0.23921569,0.25882354,0.28235295,0.2901961,0.29411766,0.050980393,0.050980393,0.050980393,0.050980393,0.05490196,0.05882353,0.06666667,0.05882353,0.05882353,0.05882353,0.05882353,0.07058824,0.08235294,0.08235294,0.08235294,0.09411765,0.11764706,0.13333334,0.14117648,0.16862746,0.19607843,0.19215687,0.20784314,0.2627451,0.23921569,0.20392157,0.19215687,0.19215687,0.047058824,0.047058824,0.047058824,0.047058824,0.050980393,0.05490196,0.05490196,0.050980393,0.050980393,0.050980393,0.050980393,0.05490196,0.05490196,0.05882353,0.0627451,0.07058824,0.08235294,0.09803922,0.11372549,0.13725491,0.15686275,0.18039216,0.19215687,0.1764706,0.14509805,0.13725491,0.17254902,0.23137255,0.047058824,0.047058824,0.047058824,0.047058824,0.047058824,0.050980393,0.050980393,0.050980393,0.047058824,0.047058824,0.047058824,0.047058824,0.050980393,0.050980393,0.05490196,0.0627451,0.08235294,0.101960786,0.11372549,0.1254902,0.14509805,0.14509805,0.12941177,0.12941177,0.15294118,0.21960784,0.27450982,0.29803923,0.047058824,0.050980393,0.05490196,0.047058824,0.047058824,0.047058824,0.047058824,0.047058824,0.043137256,0.043137256,0.043137256,0.047058824,0.047058824,0.050980393,0.05490196,0.05882353,0.06666667,0.08235294,0.08627451,0.08627451,0.09411765,0.101960786,0.11764706,0.18431373,0.2509804,0.3137255,0.28627452,0.27450982,0.047058824,0.047058824,0.047058824,0.047058824,0.050980393,0.047058824,0.047058824,0.043137256,0.043137256,0.043137256,0.043137256,0.043137256,0.047058824,0.047058824,0.05490196,0.05882353,0.05882353,0.0627451,0.06666667,0.078431375,0.09803922,0.13333334,0.17254902,0.21568628,0.19607843,0.18039216,0.1882353,0.18431373,0.047058824,0.050980393,0.047058824,0.05490196,0.05490196,0.05490196,0.050980393,0.047058824,0.043137256,0.039215688,0.039215688,0.039215688,0.039215688,0.043137256,0.047058824,0.050980393,0.05490196,0.0627451,0.078431375,0.11764706,0.1764706,0.18431373,0.15686275,0.14901961,0.12941177,0.13725491,0.14117648,0.13725491,0.050980393,0.050980393,0.050980393,0.05490196,0.05490196,0.05490196,0.05882353,0.050980393,0.043137256,0.043137256,0.043137256,0.043137256,0.047058824,0.043137256,0.047058824,0.05490196,0.06666667,0.078431375,0.08627451,0.105882354,0.13333334,0.12941177,0.105882354,0.09803922,0.10980392,0.11764706,0.11764706,0.11764706
1,0.5254902,0.53333336,0.5568628,0.5411765,0.53333336,0.50980395,0.52156866,0.5294118,0.50980395,0.53333336,0.5647059,0.5764706,0.52156866,0.53333336,0.54901963,0.5568628,0.5647059,0.5372549,0.53333336,0.5372549,0.53333336,0.54901963,0.5372549,0.54901963,0.5529412,0.53333336,0.5137255,0.49803922,0.52156866,0.5411765,0.54901963,0.5686275,0.5882353,0.5411765,0.56078434,0.6313726,0.59607846,0.6431373,0.6156863,0.5686275,0.57254905,0.58431375,0.6039216,0.654902,0.5764706,0.5294118,0.5647059,0.6039216,0.5803922,0.53333336,0.52156866,0.47843137,0.47843137,0.47843137,0.48235294,0.45882353,0.41568628,0.45490196,0.50980395,0.42745098,0.39607844,0.3882353,0.42352942,0.42745098,0.45490196,0.47058824,0.47843137,0.45490196,0.45490196,0.4509804,0.5568628,0.5294118,0.3647059,0.31764707,0.33333334,0.34901962,0.36862746,0.3647059,0.40392157,0.41960785,0.42745098,0.4392157,0.41960785,0.3647059,0.37254903,0.39215687,0.49019608,0.4745098,0.27058825,0.26666668,0.33333334,0.28235295,0.28627452,0.29411766,0.39215687,0.44705883,0.45882353,0.41568628,0.49411765,0.45490196,0.44313726,0.40392157,0.39607844,0.45490196,0.49411765,0.41568628,0.32941177,0.2784314,0.30588236,0.3019608,0.29411766,0.3019608,0.42745098,0.42352942,0.39215687,0.3137255,0.20784314,0.23921569,0.25882354,0.28235295,0.38039216,0.4,0.3882353,0.41568628,0.44705883,0.36862746,0.28235295,0.22745098,0.25490198,0.19215687,0.24313726,0.35686275,0.4745098,0.5058824,0.4627451,0.4509804,0.45882353,0.35686275,0.32941177,0.3529412,0.45490196,0.35686275,0.2509804,0.21176471,0.2901961,0.3019608,0.19607843,0.1882353,0.23137255,0.16862746,0.1764706,0.20784314,0.2627451,0.3529412,0.3372549,0.2627451,0.23529412,0.18039216,0.23137255,0.2784314,0.28235295,0.29411766,0.30588236,0.31764707,0.3882353,0.42352942,0.43529412,0.4745098,0.57254905,0.39607844,0.2784314,0.29803923,0.36862746,0.38039216,0.3254902,0.18431373,0.105882354,0.11372549,0.09019608,0.09803922,0.16470589,0.21960784,0.2627451,0.16862746,0.13725491,0.15294118,0.19607843,0.20784314,0.21568628,0.24313726,0.36078432,0.3254902,0.2901961,0.27450982,0.37254903,0.53333336,0.6862745,0.58431375,0.5529412,0.5372549,0.50980395,0.44705883,0.41568628,0.35686275,0.17254902,0.09411765,0.06666667,0.06666667,0.12941177,0.18431373,0.17254902,0.101960786,0.09803922,0.12941177,0.22352941,0.20784314,0.15294118,0.18039216,0.33333334,0.32941177,0.29803923,0.32156864,0.38039216,0.53333336,0.59607846,0.5372549,0.54901963,0.5372549,0.5921569,0.5764706,0.45490196,0.3529412,0.24313726,0.17254902,0.07058824,0.07058824,0.14509805,0.2,0.14509805,0.101960786,0.09803922,0.15294118,0.3019608,0.26666668,0.14901961,0.21568628,0.3019608,0.3764706,0.3019608,0.28627452,0.37254903,0.5058824,0.4509804,0.38039216,0.39607844,0.40392157,0.4862745,0.5568628,0.5137255,0.46666667,0.39215687,0.28627452,0.20392157,0.18431373,0.20784314,0.2901961,0.25490198,0.23137255,0.22745098,0.25490198,0.24705882,0.1764706,0.20784314,0.27450982,0.31764707,0.38039216,0.42745098,0.4509804,0.47058824,0.49803922,0.5372549,0.44705883,0.4,0.43137255,0.45882353,0.47058824,0.47058824,0.4509804,0.40784314,0.4392157,0.4,0.3764706,0.43137255,0.5529412,0.42352942,0.38431373,0.28627452,0.29803923,0.34901962,0.36078432,0.3529412,0.40392157,0.43137255,0.44313726,0.4509804,0.49411765,0.5294118,0.49803922,0.58431375,0.54509807,0.5176471,0.5058824,0.52156866,0.53333336,0.49411765,0.4862745,0.48235294,0.4392157,0.4117647,0.4392157,0.47058824,0.5686275,0.5254902,0.4862745,0.5137255,0.54509807,0.5254902,0.49411765,0.49411765,0.5058824,0.52156866,0.5058824,0.45882353,0.4627451,0.5058824,0.46666667,0.56078434,0.53333336,0.5176471,0.49411765,0.5176471,0.4862745,0.44313726,0.37254903,0.3254902,0.2901961,0.2627451,0.32941177,0.34117648,0.35686275,0.42352942,0.4392157,0.47058824,0.49803922,0.47843137,0.49411765,0.54901963,0.52156866,0.47058824,0.39607844,0.3529412,0.35686275,0.40392157,0.43529412,0.38039216,0.3529412,0.34509805,0.38039216,0.43529412,0.39215687,0.3764706,0.3254902,0.19607843,0.15686275,0.15686275,0.1882353,0.20392157,0.22352941,0.29411766,0.36862746,0.38431373,0.3647059,0.39215687,0.43529412,0.46666667,0.49019608,0.38039216,0.2901961,0.2784314,0.29411766,0.26666668,0.23529412,0.3882353,0.3529412,0.31764707,0.31764707,0.38431373,0.34509805,0.2784314,0.23921569,0.23529412,0.16470589,0.13333334,0.18431373,0.25490198,0.23137255,0.16862746,0.21568628,0.27058825,0.24705882,0.29411766,0.26666668,0.2784314,0.3019608,0.2627451,0.2784314,0.25882354,0.15294118,0.1254902,0.16470589,0.33333334,0.32156864,0.29803923,0.3137255,0.3254902,0.3254902,0.33333334,0.2784314,0.28627452,0.29411766,0.2784314,0.30588236,0.31764707,0.30980393,0.31764707,0.29411766,0.27450982,0.28627452,0.36862746,0.30980393,0.2784314,0.30980393,0.2784314,0.23137255,0.12941177,0.08235294,0.09019608,0.31764707,0.30980393,0.28627452,0.27058825,0.32156864,0.3254902,0.3137255,0.27450982,0.2901961,0.25490198,0.26666668,0.34509805,0.33333334,0.37254903,0.44705883,0.4862745,0.4745098,0.53333336,0.54509807,0.47843137,0.35686275,0.33333334,0.3372549,0.21568628,0.11372549,0.0627451,0.05490196,0.07450981,0.18039216,0.2627451,0.2627451,0.23921569,0.23137255,0.24705882,0.21568628,0.1882353,0.26666668,0.27450982,0.27058825,0.32156864,0.2784314,0.2901961,0.3529412,0.37254903,0.34117648,0.2901961,0.26666668,0.24705882,0.23921569,0.23137255,0.25882354,0.18431373,0.09019608,0.050980393,0.03529412,0.03529412,0.07058824,0.25490198,0.22745098,0.18431373,0.1764706,0.16078432,0.13333334,0.11372549,0.11764706,0.16862746,0.22352941,0.29411766,0.32156864,0.3529412,0.43529412,0.3764706,0.2901961,0.3019608,0.29803923,0.3137255,0.4,0.3647059,0.3254902,0.1882353,0.09803922,0.0627451,0.05882353,0.05490196,0.050980393,0.21960784,0.24313726,0.20392157,0.12156863,0.10980392,0.1254902,0.1254902,0.08235294,0.14509805,0.23921569,0.23529412,0.22745098,0.24313726,0.25882354,0.26666668,0.32941177,0.3529412,0.34117648,0.3137255,0.3882353,0.38039216,0.31764707,0.24705882,0.18431373,0.20784314,0.27058825,0.3019608,0.35686275,0.23529412,0.17254902,0.13333334,0.11372549,0.16078432,0.27058825,0.16470589,0.08627451,0.19215687,0.23137255,0.16470589,0.18431373,0.20784314,0.20392157,0.20392157,0.27058825,0.26666668,0.24705882,0.22745098,0.3137255,0.31764707,0.29411766,0.3254902,0.43137255,0.5294118,0.5254902,0.5137255,0.49803922,0.21176471,0.14509805,0.13333334,0.18039216,0.2627451,0.29803923,0.26666668,0.14901961,0.21960784,0.23921569,0.19215687,0.2,0.23529412,0.25490198,0.23921569,0.28627452,0.2784314,0.3019608,0.29803923,0.32156864,0.35686275,0.41960785,0.44705883,0.41960785,0.32941177,0.2627451,0.21960784,0.21568628,0.19215687,0.14117648,0.15686275,0.2509804,0.22745098,0.20784314,0.18039216,0.1882353,0.32156864,0.33333334,0.2784314,0.25882354,0.28627452,0.25490198,0.21568628,0.3019608,0.40784314,0.38431373,0.40392157,0.49803922,0.5647059,0.46666667,0.32941177,0.27450982,0.23921569,0.2,0.19215687,0.1764706,0.23529412,0.16078432,0.16470589,0.1764706,0.15294118,0.12156863,0.10980392,0.17254902,0.2784314,0.3372549,0.3137255,0.26666668,0.28627452,0.3137255,0.32941177,0.3372549,0.37254903,0.3882353,0.3882353,0.39607844,0.38039216,0.34901962,0.3254902,0.29411766,0.23137255,0.16078432,0.13725491,0.17254902,0.21568628,0.17254902,0.14117648,0.12941177,0.11372549,0.10980392,0.13333334,0.23921569,0.27058825,0.28627452,0.2784314,0.27058825,0.26666668,0.2627451,0.25490198,0.26666668,0.29411766,0.3254902,0.30588236,0.32156864,0.3137255,0.3019608,0.3019608,0.26666668,0.2,0.13333334,0.12941177,0.13725491,0.30980393,0.22745098,0.13725491,0.11764706,0.11764706,0.14117648,0.16470589,0.22745098,0.2509804,0.23921569,0.23137255,0.22745098,0.20784314,0.19215687,0.1882353,0.21960784,0.23921569,0.2509804,0.25882354,0.28235295,0.27058825,0.24313726,0.21960784,0.1882353,0.17254902,0.13725491,0.1254902,0.1254902,0.26666668,0.21176471,0.14901961,0.1254902,0.105882354,0.11764706,0.14901961,0.17254902,0.16470589,0.16862746,0.16862746,0.1882353,0.20392157,0.16862746,0.1764706,0.22352941,0.2627451,0.29411766,0.32156864,0.29411766,0.2509804,0.21568628,0.1764706,0.14901961,0.15294118,0.15686275,0.13333334,0.12941177,0.23921569,0.19215687,0.14509805,0.12941177,0.12156863,0.12941177,0.15686275,0.18431373,0.19607843,0.18039216,0.15686275,0.20392157,0.24705882,0.17254902,0.16862746,0.21960784,0.23529412,0.2627451,0.23137255,0.22745098,0.20392157,0.18431373,0.16862746,0.15686275,0.17254902,0.2,0.16470589,0.13725491
1,0.3019608,0.2901961,0.29411766,0.30980393,0.30588236,0.3019608,0.3019608,0.3137255,0.33333334,0.3372549,0.34117648,0.3254902,0.32941177,0.3372549,0.31764707,0.32156864,0.3254902,0.3137255,0.3019608,0.29411766,0.2901961,0.28627452,0.2901961,0.30588236,0.30588236,0.31764707,0.3137255,0.3019608,0.28627452,0.31764707,0.34901962,0.36078432,0.33333334,0.34117648,0.28627452,0.24705882,0.27058825,0.3019608,0.35686275,0.34117648,0.31764707,0.30588236,0.31764707,0.3372549,0.35686275,0.29803923,0.2509804,0.23921569,0.23921569,0.23529412,0.23137255,0.28627452,0.29411766,0.2784314,0.28627452,0.2784314,0.09019608,0.101960786,0.1254902,0.15294118,0.15686275,0.2,0.22745098,0.1764706,0.13725491,0.15686275,0.18431373,0.2,0.20784314,0.20392157,0.2,0.21960784,0.19607843,0.14509805,0.12941177,0.16470589,0.19607843,0.18039216,0.1764706,0.19607843,0.21960784,0.23137255,0.24705882,0.20392157,0.1254902,0.10980392,0.11764706,0.13333334,0.13333334,0.15294118,0.14901961,0.18431373,0.2627451,0.22352941,0.20784314,0.20784314,0.2,0.19607843,0.1882353,0.18431373,0.17254902,0.15294118,0.1254902,0.14901961,0.21176471,0.20392157,0.18431373,0.21176471,0.2509804,0.2509804,0.23921569,0.21176471,0.19215687,0.17254902,0.18431373,0.19607843,0.18431373,0.19607843,0.17254902,0.20392157,0.23137255,0.25882354,0.27450982,0.26666668,0.27058825,0.27450982,0.2509804,0.2509804,0.26666668,0.25490198,0.23137255,0.21568628,0.21960784,0.19215687,0.13725491,0.1764706,0.29803923,0.30588236,0.3019608,0.27058825,0.27450982,0.2509804,0.25490198,0.24313726,0.23529412,0.23137255,0.20784314,0.2627451,0.28627452,0.3019608,0.30980393,0.30588236,0.32941177,0.32156864,0.29803923,0.30588236,0.30588236,0.3254902,0.3254902,0.28627452,0.27058825,0.26666668,0.18431373,0.19215687,0.3372549,0.3882353,0.37254903,0.3372549,0.30588236,0.30588236,0.33333334,0.28627452,0.2901961,0.28627452,0.25490198,0.29411766,0.32156864,0.32156864,0.33333334,0.34117648,0.36078432,0.3764706,0.36078432,0.34117648,0.3647059,0.33333334,0.29411766,0.31764707,0.31764707,0.19607843,0.19607843,0.22352941,0.39215687,0.46666667,0.40392157,0.35686275,0.3529412,0.3529412,0.3647059,0.40392157,0.4509804,0.35686275,0.31764707,0.3529412,0.36078432,0.36078432,0.3764706,0.39215687,0.38039216,0.4117647,0.39215687,0.33333334,0.3372549,0.2901961,0.23529412,0.20392157,0.19607843,0.13725491,0.16078432,0.27058825,0.41568628,0.5764706,0.45882353,0.41568628,0.3882353,0.38039216,0.39215687,0.4,0.4117647,0.4,0.32156864,0.3019608,0.30588236,0.30588236,0.30980393,0.30588236,0.32156864,0.40784314,0.37254903,0.34117648,0.3137255,0.24705882,0.22352941,0.27058825,0.23137255,0.13333334,0.10980392,0.18039216,0.2,0.18039216,0.14901961,0.1764706,0.40392157,0.39607844,0.41568628,0.40784314,0.3882353,0.3372549,0.28627452,0.4,0.32941177,0.30588236,0.40784314,0.3647059,0.38431373,0.44313726,0.44705883,0.45882353,0.3529412,0.32941177,0.28627452,0.2627451,0.20784314,0.16862746,0.15294118,0.05490196,0.047058824,0.08627451,0.16862746,0.08235294,0.41960785,0.50980395,0.4745098,0.42745098,0.34509805,0.28627452,0.23137255,0.40392157,0.36862746,0.32941177,0.3882353,0.3882353,0.4509804,0.5137255,0.5882353,0.5176471,0.47843137,0.3137255,0.21568628,0.13333334,0.14901961,0.14117648,0.1254902,0.05882353,0.11764706,0.21960784,0.2509804,0.32156864,0.27058825,0.33333334,0.32156864,0.26666668,0.21568628,0.2,0.27450982,0.3372549,0.40392157,0.35686275,0.35686275,0.4117647,0.47058824,0.56078434,0.5686275,0.49019608,0.38039216,0.28627452,0.22745098,0.12941177,0.101960786,0.08627451,0.050980393,0.09411765,0.2627451,0.41568628,0.45490196,0.5568628,0.24705882,0.23921569,0.22745098,0.23529412,0.24705882,0.20392157,0.27450982,0.34509805,0.36862746,0.36862746,0.42352942,0.43137255,0.5019608,0.5411765,0.54509807,0.3764706,0.1254902,0.03529412,0.047058824,0.06666667,0.09411765,0.09411765,0.05490196,0.101960786,0.26666668,0.43529412,0.49803922,0.43529412,0.2509804,0.3019608,0.20392157,0.2,0.16470589,0.15686275,0.17254902,0.3529412,0.45490196,0.4392157,0.43137255,0.46666667,0.43137255,0.49803922,0.39215687,0.21568628,0.14509805,0.16862746,0.16470589,0.11372549,0.08235294,0.08235294,0.09019608,0.12941177,0.31764707,0.4745098,0.6039216,0.5372549,0.23529412,0.23921569,0.22352941,0.18039216,0.18039216,0.2,0.23137255,0.29803923,0.32941177,0.4392157,0.38431373,0.3254902,0.34509805,0.36862746,0.45882353,0.47058824,0.43529412,0.34117648,0.23137255,0.13333334,0.08235294,0.078431375,0.043137256,0.06666667,0.18039216,0.26666668,0.38039216,0.40392157,0.3019608,0.23137255,0.26666668,0.32941177,0.28235295,0.2627451,0.30980393,0.35686275,0.4392157,0.5254902,0.47058824,0.43529412,0.41960785,0.36862746,0.28627452,0.29411766,0.30980393,0.2784314,0.21568628,0.13333334,0.08235294,0.05490196,0.03137255,0.043137256,0.105882354,0.21176471,0.30588236,0.34901962,0.3019608,0.32156864,0.38039216,0.40392157,0.34117648,0.30980393,0.33333334,0.3372549,0.39607844,0.4,0.3529412,0.29803923,0.27450982,0.24313726,0.23529412,0.25882354,0.32156864,0.2627451,0.20784314,0.13333334,0.078431375,0.05490196,0.043137256,0.0627451,0.11372549,0.22745098,0.2901961,0.32941177,0.42745098,0.41960785,0.41960785,0.4117647,0.37254903,0.36078432,0.34509805,0.36862746,0.40392157,0.43529412,0.43137255,0.34117648,0.2901961,0.25490198,0.22745098,0.19607843,0.21568628,0.20784314,0.2,0.15294118,0.11372549,0.09019608,0.105882354,0.13725491,0.2,0.28235295,0.35686275,0.43529412,0.39607844,0.32156864,0.2901961,0.28235295,0.28235295,0.30588236,0.35686275,0.35686275,0.38431373,0.44313726,0.45490196,0.44313726,0.38431373,0.34901962,0.34117648,0.33333334,0.3764706,0.4117647,0.4,0.39607844,0.33333334,0.2627451,0.2627451,0.26666668,0.29803923,0.33333334,0.37254903,0.39215687,0.2784314,0.3019608,0.3254902,0.26666668,0.2784314,0.2784314,0.3137255,0.38431373,0.44705883,0.49411765,0.5294118,0.49019608,0.43529412,0.4,0.36078432,0.38431373,0.41568628,0.4745098,0.38039216,0.3137255,0.21960784,0.16862746,0.15294118,0.16078432,0.20784314,0.21960784,0.2627451,0.31764707,0.32941177,0.3254902,0.30588236,0.23921569,0.21176471,0.20784314,0.25490198,0.34901962,0.4117647,0.47843137,0.4627451,0.4117647,0.43529412,0.43137255,0.38039216,0.36862746,0.32156864,0.31764707,0.34117648,0.26666668,0.20784314,0.18039216,0.18431373,0.21960784,0.28235295,0.3137255,0.3372549,0.3529412,0.30588236,0.28235295,0.2509804,0.20392157,0.16470589,0.18039216,0.23529412,0.3254902,0.38039216,0.44705883,0.45490196,0.38039216,0.37254903,0.34509805,0.2901961,0.3137255,0.34117648,0.34509805,0.36078432,0.28627452,0.25490198,0.23137255,0.25882354,0.27058825,0.3019608,0.29803923,0.29411766,0.31764707,0.1882353,0.20392157,0.21960784,0.21176471,0.18039216,0.1882353,0.21960784,0.27058825,0.34117648,0.3882353,0.38039216,0.35686275,0.33333334,0.30980393,0.2901961,0.29411766,0.2901961,0.29803923,0.30980393,0.32156864,0.2901961,0.23529412,0.22745098,0.21960784,0.24313726,0.25882354,0.25490198,0.30980393,0.2,0.19607843,0.20392157,0.21176471,0.21568628,0.21176471,0.22352941,0.2509804,0.27058825,0.30588236,0.31764707,0.3137255,0.32941177,0.34901962,0.30980393,0.27450982,0.30980393,0.34509805,0.32941177,0.30588236,0.28235295,0.23137255,0.20784314,0.20392157,0.2,0.19607843,0.19607843,0.21960784,0.25882354,0.30980393,0.32941177,0.32156864,0.35686275,0.4,0.44705883,0.4509804,0.4745098,0.5058824,0.5294118,0.48235294,0.3882353,0.34509805,0.3372549,0.34509805,0.37254903,0.4,0.41960785,0.4509804,0.40392157,0.3137255,0.23529412,0.21960784,0.23529412,0.25882354,0.27450982,0.32941177,0.31764707,0.3372549,0.3019608,0.29803923,0.31764707,0.34509805,0.39215687,0.42352942,0.4392157,0.4627451,0.4745098,0.4509804,0.41568628,0.37254903,0.39607844,0.42352942,0.44313726,0.44313726,0.4,0.37254903,0.32941177,0.25490198,0.23137255,0.20392157,0.23137255,0.26666668,0.28235295,0.32156864,0.29803923,0.29411766,0.25882354,0.24705882,0.24705882,0.26666668,0.29411766,0.34901962,0.36078432,0.36862746,0.42745098,0.39215687,0.3372549,0.30980393,0.30980393,0.34117648,0.3254902,0.3019608,0.2901961,0.29803923,0.28235295,0.25882354,0.2509804,0.23137255,0.25882354,0.26666668,0.25490198,0.26666668,0.18431373,0.1764706,0.16862746,0.15686275,0.16078432,0.1764706,0.2,0.23921569,0.28627452,0.28627452,0.25490198,0.25882354,0.2627451,0.2627451,0.27450982,0.3137255,0.28627452,0.26666668,0.2901961,0.27450982,0.23529412,0.2,0.18039216,0.17254902,0.2,0.21960784,0.21568628,0.21960784
0,0.6,0.6117647,0.5803922,0.5803922,0.5921569,0.5764706,0.60784316,0.6627451,0.6431373,0.6431373,0.7254902,0.7411765,0.7372549,0.7176471,0.7137255,0.7176471,0.6431373,0.6431373,0.627451,0.627451,0.6431373,0.6509804,0.68235296,0.68235296,0.67058825,0.6784314,0.6627451,0.6627451,0.4862745,0.5058824,0.5019608,0.4745098,0.45490196,0.4392157,0.44705883,0.4509804,0.45490196,0.47058824,0.5058824,0.5058824,0.5058824,0.4627451,0.4745098,0.53333336,0.5294118,0.50980395,0.49803922,0.5137255,0.5529412,0.52156866,0.5176471,0.5294118,0.50980395,0.50980395,0.49803922,0.53333336,0.4509804,0.43529412,0.42745098,0.41960785,0.44313726,0.45882353,0.4627451,0.41960785,0.43529412,0.44705883,0.43137255,0.43137255,0.41960785,0.39607844,0.42745098,0.49019608,0.57254905,0.5882353,0.53333336,0.53333336,0.5647059,0.5529412,0.50980395,0.4745098,0.4627451,0.45490196,0.4509804,0.44705883,0.46666667,0.46666667,0.43529412,0.43529412,0.43529412,0.4,0.40784314,0.41568628,0.42745098,0.43529412,0.42352942,0.41960785,0.42745098,0.4392157,0.45882353,0.56078434,0.6039216,0.5176471,0.41960785,0.44705883,0.49019608,0.48235294,0.48235294,0.47058824,0.48235294,0.5137255,0.48235294,0.44313726,0.4745098,0.4862745,0.4627451,0.45882353,0.44313726,0.43137255,0.43137255,0.45882353,0.45490196,0.43529412,0.42352942,0.44313726,0.46666667,0.5019608,0.5019608,0.42352942,0.4509804,0.4509804,0.46666667,0.5137255,0.47058824,0.47058824,0.5019608,0.46666667,0.4745098,0.5019608,0.50980395,0.45882353,0.5254902,0.5254902,0.5176471,0.5058824,0.45882353,0.44705883,0.4509804,0.4745098,0.47058824,0.45490196,0.44705883,0.47843137,0.5137255,0.44705883,0.42352942,0.34509805,0.41960785,0.44313726,0.40392157,0.40784314,0.40392157,0.44705883,0.4509804,0.42352942,0.41568628,0.41960785,0.44705883,0.42745098,0.5176471,0.5411765,0.54901963,0.5372549,0.5254902,0.5254902,0.5372549,0.54901963,0.52156866,0.5254902,0.50980395,0.47058824,0.40784314,0.32156864,0.3764706,0.36862746,0.42352942,0.44313726,0.39215687,0.37254903,0.33333334,0.35686275,0.38039216,0.40784314,0.43529412,0.4392157,0.47058824,0.45490196,0.5254902,0.5372549,0.5529412,0.5254902,0.5254902,0.56078434,0.5803922,0.58431375,0.5568628,0.49411765,0.49019608,0.4117647,0.38431373,0.34509805,0.3764706,0.3647059,0.43529412,0.4862745,0.45882353,0.4392157,0.3764706,0.34509805,0.38039216,0.43137255,0.45882353,0.4627451,0.49411765,0.49803922,0.6039216,0.61960787,0.69803923,0.72156864,0.6666667,0.6039216,0.59607846,0.6156863,0.5568628,0.37254903,0.4117647,0.38431373,0.36862746,0.2901961,0.3254902,0.4117647,0.45882353,0.5058824,0.5137255,0.4745098,0.42745098,0.38431373,0.4,0.47058824,0.5803922,0.6156863,0.5254902,0.48235294,0.4745098,0.46666667,0.5019608,0.5803922,0.64705884,0.6784314,0.64705884,0.64705884,0.52156866,0.3882353,0.3764706,0.43529412,0.33333334,0.3137255,0.28235295,0.3254902,0.31764707,0.42745098,0.49803922,0.47843137,0.5372549,0.49019608,0.44313726,0.4509804,0.5176471,0.50980395,0.4509804,0.46666667,0.49019608,0.4745098,0.48235294,0.4862745,0.52156866,0.5647059,0.6039216,0.5921569,0.5411765,0.4392157,0.38431373,0.2627451,0.1764706,0.19607843,0.23921569,0.3019608,0.26666668,0.29803923,0.3882353,0.4117647,0.44313726,0.49803922,0.49019608,0.44313726,0.45882353,0.47843137,0.49411765,0.53333336,0.49411765,0.47843137,0.4862745,0.48235294,0.5176471,0.47058824,0.47843137,0.5137255,0.49803922,0.4392157,0.32156864,0.16862746,0.11764706,0.11764706,0.16862746,0.23529412,0.27058825,0.3254902,0.36862746,0.3529412,0.3529412,0.43137255,0.4745098,0.49019608,0.5372549,0.5764706,0.5803922,0.54901963,0.5176471,0.5294118,0.50980395,0.5176471,0.5176471,0.48235294,0.4862745,0.49411765,0.47058824,0.36862746,0.25490198,0.16078432,0.12156863,0.12156863,0.15686275,0.22745098,0.31764707,0.40392157,0.4509804,0.4117647,0.30980393,0.38039216,0.45882353,0.47058824,0.5137255,0.61960787,0.6901961,0.7019608,0.47058824,0.5137255,0.5137255,0.49411765,0.5058824,0.47843137,0.48235294,0.4745098,0.4392157,0.36078432,0.2784314,0.20392157,0.16078432,0.12941177,0.15294118,0.21960784,0.26666668,0.30980393,0.29411766,0.30588236,0.26666668,0.3372549,0.4627451,0.5019608,0.59607846,0.70980394,0.72156864,0.7137255,0.5137255,0.5294118,0.5019608,0.4627451,0.44705883,0.41960785,0.40392157,0.4,0.40784314,0.3647059,0.29803923,0.24313726,0.16470589,0.13725491,0.14117648,0.18431373,0.23921569,0.23137255,0.19607843,0.23529412,0.23921569,0.26666668,0.3882353,0.4745098,0.5294118,0.5764706,0.627451,0.6431373,0.5372549,0.53333336,0.5254902,0.48235294,0.43137255,0.40784314,0.37254903,0.34117648,0.31764707,0.3019608,0.26666668,0.23529412,0.15294118,0.09411765,0.07450981,0.09411765,0.16078432,0.19607843,0.19215687,0.20784314,0.21960784,0.24705882,0.3137255,0.43137255,0.49019608,0.5019608,0.5254902,0.5411765,0.5254902,0.5254902,0.5254902,0.4862745,0.41568628,0.39215687,0.35686275,0.29411766,0.2627451,0.22745098,0.1764706,0.14509805,0.08235294,0.043137256,0.03529412,0.06666667,0.09803922,0.14117648,0.14509805,0.17254902,0.2,0.23529412,0.2901961,0.37254903,0.4392157,0.45490196,0.46666667,0.49803922,0.52156866,0.54509807,0.5254902,0.49019608,0.4392157,0.4117647,0.34509805,0.30588236,0.24313726,0.16470589,0.11764706,0.078431375,0.039215688,0.023529412,0.015686275,0.039215688,0.05882353,0.07058824,0.08235294,0.09803922,0.14117648,0.16470589,0.19215687,0.23921569,0.30980393,0.34509805,0.3647059,0.39607844,0.6313726,0.5568628,0.5254902,0.47843137,0.43529412,0.3647059,0.28235295,0.21568628,0.14901961,0.08627451,0.0627451,0.023529412,0.011764706,0.003921569,0.007843138,0.023529412,0.02745098,0.043137256,0.043137256,0.047058824,0.07058824,0.09411765,0.12156863,0.16470589,0.20392157,0.22352941,0.2509804,0.25882354,0.59607846,0.5254902,0.45882353,0.41960785,0.34509805,0.2509804,0.16078432,0.11764706,0.09019608,0.047058824,0.05490196,0.05882353,0.015686275,0.007843138,0.007843138,0.015686275,0.023529412,0.03529412,0.02745098,0.02745098,0.047058824,0.05882353,0.09411765,0.12156863,0.15686275,0.18039216,0.2,0.22352941,0.50980395,0.5137255,0.44313726,0.31764707,0.23137255,0.17254902,0.12156863,0.09411765,0.0627451,0.043137256,0.047058824,0.039215688,0.015686275,0.007843138,0.003921569,0.007843138,0.015686275,0.019607844,0.019607844,0.015686275,0.023529412,0.02745098,0.05490196,0.09411765,0.1254902,0.16470589,0.21960784,0.2509804,0.5529412,0.49411765,0.3764706,0.25882354,0.19607843,0.15294118,0.1254902,0.09019608,0.05490196,0.047058824,0.05490196,0.03529412,0.015686275,0.007843138,0.003921569,0.003921569,0.003921569,0.003921569,0.007843138,0.007843138,0.007843138,0.019607844,0.03529412,0.07058824,0.11764706,0.17254902,0.1882353,0.1882353,0.6156863,0.5294118,0.43529412,0.30980393,0.25490198,0.20392157,0.19215687,0.1764706,0.1254902,0.08235294,0.078431375,0.03137255,0.011764706,0.007843138,0.003921569,0.003921569,0.007843138,0.007843138,0.011764706,0.011764706,0.019607844,0.03137255,0.05490196,0.08627451,0.09803922,0.10980392,0.11372549,0.1254902,0.3137255,0.3019608,0.2901961,0.23529412,0.2,0.14901961,0.10980392,0.09019608,0.078431375,0.0627451,0.06666667,0.02745098,0.011764706,0.007843138,0.007843138,0.007843138,0.011764706,0.015686275,0.015686275,0.015686275,0.019607844,0.023529412,0.03137255,0.050980393,0.0627451,0.08235294,0.11372549,0.14117648,0.3529412,0.34117648,0.29803923,0.21960784,0.16078432,0.1254902,0.09019608,0.078431375,0.0627451,0.050980393,0.05882353,0.043137256,0.02745098,0.015686275,0.007843138,0.015686275,0.015686275,0.015686275,0.011764706,0.011764706,0.015686275,0.023529412,0.03529412,0.050980393,0.07058824,0.09411765,0.105882354,0.11372549,0.27058825,0.29803923,0.3137255,0.25490198,0.19607843,0.17254902,0.16078432,0.13725491,0.101960786,0.07058824,0.06666667,0.043137256,0.023529412,0.019607844,0.019607844,0.019607844,0.023529412,0.023529412,0.023529412,0.019607844,0.02745098,0.03137255,0.050980393,0.06666667,0.078431375,0.09411765,0.105882354,0.11372549,0.3137255,0.3254902,0.3019608,0.27058825,0.18431373,0.15294118,0.13333334,0.11764706,0.09803922,0.08235294,0.07450981,0.05882353,0.03529412,0.03137255,0.03137255,0.039215688,0.043137256,0.043137256,0.043137256,0.043137256,0.047058824,0.05490196,0.0627451,0.07058824,0.09019608,0.105882354,0.11372549,0.11372549,0.13725491,0.17254902,0.1882353,0.18431373,0.13333334,0.11764706,0.105882354,0.09803922,0.09019608,0.08627451,0.078431375,0.07058824,0.05490196,0.043137256,0.043137256,0.047058824,0.050980393,0.050980393,0.050980393,0.05490196,0.05882353,0.05882353,0.06666667,0.07058824,0.07450981,0.07450981,0.07450981,0.06666667
1,0.31764707,0.31764707,0.31764707,0.30980393,0.3254902,0.3254902,0.3019608,0.2901961,0.2627451,0.24705882,0.23529412,0.23921569,0.2784314,0.29803923,0.29803923,0.29803923,0.31764707,0.29411766,0.28235295,0.2784314,0.26666668,0.27058825,0.27450982,0.28235295,0.3137255,0.3137255,0.2901961,0.29803923,0.29803923,0.3019608,0.29803923,0.28235295,0.3019608,0.3529412,0.32156864,0.28235295,0.2627451,0.23137255,0.22745098,0.2509804,0.26666668,0.25882354,0.24313726,0.2509804,0.27450982,0.27450982,0.29411766,0.3372549,0.36862746,0.36862746,0.34117648,0.2627451,0.26666668,0.27450982,0.27450982,0.28627452,0.3647059,0.32156864,0.3137255,0.32941177,0.31764707,0.2784314,0.27450982,0.26666668,0.2627451,0.2627451,0.2784314,0.28627452,0.2901961,0.28235295,0.3019608,0.30588236,0.29411766,0.29803923,0.3019608,0.3137255,0.3137255,0.33333334,0.34509805,0.25882354,0.2627451,0.3254902,0.3372549,0.33333334,0.34509805,0.34509805,0.32156864,0.32156864,0.3137255,0.2627451,0.2627451,0.2627451,0.2901961,0.33333334,0.36078432,0.36078432,0.37254903,0.38431373,0.40392157,0.43529412,0.44313726,0.45490196,0.43529412,0.44705883,0.44705883,0.43529412,0.4627451,0.40392157,0.4117647,0.41960785,0.4509804,0.4745098,0.3529412,0.39215687,0.42745098,0.39215687,0.34117648,0.3254902,0.3019608,0.30980393,0.30980393,0.34117648,0.34117648,0.35686275,0.39215687,0.43137255,0.47843137,0.52156866,0.56078434,0.6509804,0.73333335,0.6784314,0.6117647,0.56078434,0.54509807,0.49019608,0.4862745,0.5176471,0.53333336,0.52156866,0.42352942,0.47058824,0.42745098,0.41960785,0.36862746,0.2901961,0.29803923,0.34901962,0.38039216,0.45490196,0.52156866,0.6,0.62352943,0.6627451,0.7607843,0.78039217,0.7019608,0.7058824,0.73333335,0.7490196,0.6666667,0.61960787,0.6745098,0.59607846,0.53333336,0.54509807,0.57254905,0.5372549,0.3254902,0.32941177,0.36078432,0.4,0.36862746,0.3254902,0.33333334,0.43529412,0.5882353,0.64705884,0.6392157,0.6392157,0.654902,0.7372549,0.7764706,0.654902,0.5019608,0.49803922,0.57254905,0.627451,0.6,0.6392157,0.6509804,0.6666667,0.6117647,0.6117647,0.6392157,0.6745098,0.34901962,0.43529412,0.46666667,0.4745098,0.3647059,0.36078432,0.4745098,0.5529412,0.5921569,0.5372549,0.43137255,0.627451,0.69803923,0.5803922,0.3882353,0.24313726,0.14509805,0.15294118,0.2,0.30588236,0.4509804,0.5019608,0.5137255,0.54901963,0.5882353,0.5921569,0.654902,0.7254902,0.4627451,0.45490196,0.38039216,0.34901962,0.35686275,0.41568628,0.47843137,0.5568628,0.6039216,0.4392157,0.50980395,0.6117647,0.5294118,0.27450982,0.16078432,0.10980392,0.08627451,0.09411765,0.11372549,0.13725491,0.16862746,0.21960784,0.31764707,0.4509804,0.58431375,0.60784316,0.6784314,0.67058825,0.4627451,0.46666667,0.43137255,0.40784314,0.41960785,0.39607844,0.41568628,0.4509804,0.48235294,0.38431373,0.4509804,0.49411765,0.36862746,0.17254902,0.09411765,0.07058824,0.0627451,0.07450981,0.08627451,0.101960786,0.101960786,0.11372549,0.19607843,0.34509805,0.4745098,0.5058824,0.60784316,0.5882353,0.4509804,0.5058824,0.57254905,0.56078434,0.4627451,0.3372549,0.24705882,0.25490198,0.3137255,0.38039216,0.3764706,0.40784314,0.4117647,0.33333334,0.23921569,0.1882353,0.14117648,0.09803922,0.078431375,0.101960786,0.14509805,0.22352941,0.3137255,0.31764707,0.40784314,0.46666667,0.5176471,0.45490196,0.4862745,0.49803922,0.45490196,0.39215687,0.29411766,0.2,0.19607843,0.21176471,0.23529412,0.29803923,0.3019608,0.32156864,0.38039216,0.48235294,0.5058824,0.57254905,0.61960787,0.5764706,0.5372549,0.54901963,0.64705884,0.61960787,0.45490196,0.38039216,0.41960785,0.44313726,0.4509804,0.4627451,0.30980393,0.3372549,0.34509805,0.3137255,0.28235295,0.29803923,0.27450982,0.29803923,0.31764707,0.37254903,0.3137255,0.30980393,0.31764707,0.42745098,0.5254902,0.5921569,0.67058825,0.7254902,0.77254903,0.7019608,0.6745098,0.5921569,0.4745098,0.42352942,0.42352942,0.4392157,0.46666667,0.49019608,0.21176471,0.21960784,0.2784314,0.30588236,0.28627452,0.3372549,0.3372549,0.29411766,0.2784314,0.34117648,0.30980393,0.26666668,0.30588236,0.40784314,0.49411765,0.54509807,0.627451,0.6745098,0.67058825,0.627451,0.61960787,0.49803922,0.40392157,0.38431373,0.4117647,0.43529412,0.49803922,0.45882353,0.35686275,0.35686275,0.36078432,0.37254903,0.34901962,0.34117648,0.29803923,0.23137255,0.22745098,0.29803923,0.3647059,0.3764706,0.3529412,0.41568628,0.4745098,0.5254902,0.6156863,0.59607846,0.5647059,0.5254902,0.5019608,0.45490196,0.38431373,0.32156864,0.30588236,0.31764707,0.34117648,0.34901962,0.4,0.35686275,0.35686275,0.36078432,0.36078432,0.34509805,0.32941177,0.30980393,0.28235295,0.30980393,0.3254902,0.3254902,0.32941177,0.3764706,0.4117647,0.43529412,0.48235294,0.45490196,0.41960785,0.3647059,0.32941177,0.3019608,0.2901961,0.29411766,0.3254902,0.3372549,0.34117648,0.32941177,0.32941177,0.34117648,0.34509805,0.36078432,0.38431373,0.38039216,0.3764706,0.33333334,0.30980393,0.34117648,0.36078432,0.34509805,0.3019608,0.3254902,0.32941177,0.31764707,0.30980393,0.3254902,0.31764707,0.28235295,0.2784314,0.3019608,0.3372549,0.34901962,0.32941177,0.3372549,0.38431373,0.39215687,0.27450982,0.29411766,0.29411766,0.29803923,0.32156864,0.32941177,0.30588236,0.25490198,0.22352941,0.23921569,0.22352941,0.20392157,0.18431373,0.21960784,0.24705882,0.25490198,0.27450982,0.3137255,0.3529412,0.34117648,0.31764707,0.29803923,0.28235295,0.31764707,0.34901962,0.3647059,0.34901962,0.31764707,0.27450982,0.2784314,0.25882354,0.22745098,0.21176471,0.21568628,0.21176471,0.21568628,0.23529412,0.23921569,0.2,0.18431373,0.1882353,0.22352941,0.2509804,0.30980393,0.38431373,0.41568628,0.38039216,0.3254902,0.2901961,0.25882354,0.2627451,0.28235295,0.25882354,0.24313726,0.23529412,0.22352941,0.16862746,0.17254902,0.1764706,0.15686275,0.15686275,0.1764706,0.19215687,0.19215687,0.2,0.22745098,0.23529412,0.2509804,0.26666668,0.28627452,0.31764707,0.36078432,0.4117647,0.40392157,0.3647059,0.3137255,0.2627451,0.23921569,0.25882354,0.2627451,0.21960784,0.19215687,0.1882353,0.18039216,0.12941177,0.13333334,0.14117648,0.15294118,0.16470589,0.1764706,0.20392157,0.23137255,0.2627451,0.28235295,0.27450982,0.24705882,0.23529412,0.24313726,0.25490198,0.26666668,0.29411766,0.31764707,0.33333334,0.33333334,0.3529412,0.3764706,0.35686275,0.27450982,0.20392157,0.16862746,0.16862746,0.16470589,0.12156863,0.13725491,0.15686275,0.16862746,0.18431373,0.1764706,0.18431373,0.20392157,0.18431373,0.16470589,0.16078432,0.14901961,0.14901961,0.15686275,0.1764706,0.20392157,0.26666668,0.3529412,0.42352942,0.45882353,0.37254903,0.30588236,0.23921569,0.1882353,0.16078432,0.12941177,0.12941177,0.1254902,0.1764706,0.1764706,0.15294118,0.13725491,0.16078432,0.20392157,0.21568628,0.18431373,0.13725491,0.11764706,0.1254902,0.11764706,0.11764706,0.13333334,0.14901961,0.1764706,0.22352941,0.28627452,0.3019608,0.26666668,0.22352941,0.20784314,0.19215687,0.16078432,0.13333334,0.11764706,0.11372549,0.10980392,0.1254902,0.13333334,0.14901961,0.1882353,0.24705882,0.28627452,0.25882354,0.19215687,0.11372549,0.09019608,0.09411765,0.101960786,0.105882354,0.10980392,0.12156863,0.13725491,0.18039216,0.22352941,0.24705882,0.23529412,0.21176471,0.19215687,0.16470589,0.13725491,0.11372549,0.09411765,0.09411765,0.09411765,0.16078432,0.19607843,0.2627451,0.30588236,0.31764707,0.2784314,0.21176471,0.16078432,0.101960786,0.08235294,0.08627451,0.09019608,0.09019608,0.09411765,0.101960786,0.11372549,0.14509805,0.18039216,0.21176471,0.21176471,0.1882353,0.16078432,0.13725491,0.11372549,0.09019608,0.078431375,0.06666667,0.0627451,0.20392157,0.22745098,0.2627451,0.27450982,0.21568628,0.1882353,0.16078432,0.13333334,0.09803922,0.08627451,0.07450981,0.06666667,0.06666667,0.07058824,0.08235294,0.09411765,0.11764706,0.14901961,0.18039216,0.18039216,0.16862746,0.14509805,0.11372549,0.09411765,0.08235294,0.06666667,0.05882353,0.05490196,0.12941177,0.12941177,0.14117648,0.16078432,0.15686275,0.13333334,0.105882354,0.09019608,0.06666667,0.05882353,0.05490196,0.050980393,0.05490196,0.05882353,0.06666667,0.078431375,0.101960786,0.11764706,0.14509805,0.14509805,0.14509805,0.12941177,0.11764706,0.09803922,0.08235294,0.05490196,0.05490196,0.050980393,0.105882354,0.09803922,0.105882354,0.12941177,0.11764706,0.09411765,0.07450981,0.07058824,0.05490196,0.05490196,0.047058824,0.047058824,0.05490196,0.05882353,0.0627451,0.07058824,0.09019608,0.105882354,0.13333334,0.14117648,0.15686275,0.14117648,0.10980392,0.08235294,0.07058824,0.050980393,0.050980393,0.047058824
1,0.72156864,0.7019608,0.69411767,0.68235296,0.6313726,0.60784316,0.627451,0.60784316,0.6039216,0.6,0.60784316,0.6431373,0.6392157,0.5803922,0.5686275,0.54901963,0.5686275,0.5803922,0.58431375,0.57254905,0.6,0.62352943,0.654902,0.68235296,0.6901961,0.6862745,0.7019608,0.7058824,0.7137255,0.6862745,0.6784314,0.6901961,0.6862745,0.5921569,0.4627451,0.3529412,0.3137255,0.32156864,0.32941177,0.3254902,0.3254902,0.2901961,0.28627452,0.2627451,0.2784314,0.32156864,0.34117648,0.40392157,0.49019608,0.57254905,0.6431373,0.6431373,0.6392157,0.6666667,0.6509804,0.5764706,0.5686275,0.58431375,0.62352943,0.63529414,0.60784316,0.6039216,0.47843137,0.31764707,0.23529412,0.18431373,0.14509805,0.11372549,0.12941177,0.1764706,0.19215687,0.16078432,0.18039216,0.3372549,0.49019608,0.5254902,0.5372549,0.58431375,0.56078434,0.5058824,0.5058824,0.5764706,0.61960787,0.6039216,0.54509807,0.54901963,0.53333336,0.58431375,0.627451,0.63529414,0.5764706,0.5019608,0.43529412,0.26666668,0.14901961,0.08627451,0.105882354,0.13333334,0.16078432,0.24705882,0.3372549,0.46666667,0.5176471,0.54901963,0.5294118,0.4862745,0.45490196,0.49019608,0.50980395,0.59607846,0.65882355,0.6862745,0.59607846,0.58431375,0.5882353,0.5921569,0.60784316,0.6117647,0.63529414,0.6666667,0.627451,0.38431373,0.25882354,0.1882353,0.21568628,0.3254902,0.37254903,0.40392157,0.47058824,0.49411765,0.47058824,0.48235294,0.4627451,0.45490196,0.49019608,0.5372549,0.5686275,0.6666667,0.7647059,0.7647059,0.54901963,0.5568628,0.5294118,0.4509804,0.37254903,0.29803923,0.2627451,0.24705882,0.23137255,0.24705882,0.40784314,0.27058825,0.23529412,0.4392157,0.5294118,0.5058824,0.43137255,0.3372549,0.29803923,0.36078432,0.4862745,0.5372549,0.5372549,0.57254905,0.59607846,0.6627451,0.74509805,0.75686276,0.5921569,0.4862745,0.28235295,0.20392157,0.16470589,0.12941177,0.07450981,0.02745098,0.019607844,0.21176471,0.4862745,0.4392157,0.36862746,0.42352942,0.53333336,0.5411765,0.5137255,0.4509804,0.35686275,0.36078432,0.52156866,0.6,0.54901963,0.5686275,0.6,0.5803922,0.6,0.627451,0.35686275,0.21960784,0.14117648,0.12156863,0.105882354,0.09411765,0.11764706,0.15686275,0.32156864,0.47843137,0.45490196,0.44313726,0.3529412,0.30588236,0.38039216,0.42352942,0.44313726,0.4627451,0.42745098,0.30588236,0.36862746,0.46666667,0.5294118,0.6117647,0.64705884,0.63529414,0.65882355,0.70980394,0.4745098,0.4117647,0.36078432,0.3529412,0.3882353,0.48235294,0.5803922,0.60784316,0.63529414,0.49411765,0.37254903,0.39215687,0.36078432,0.3019608,0.3764706,0.4392157,0.4509804,0.35686275,0.32156864,0.32156864,0.40784314,0.47843137,0.49019608,0.5411765,0.61960787,0.654902,0.74509805,0.7921569,0.43137255,0.44313726,0.4627451,0.50980395,0.5372549,0.56078434,0.60784316,0.6039216,0.5803922,0.41568628,0.3254902,0.3254902,0.23529412,0.28235295,0.3764706,0.3529412,0.3529412,0.34117648,0.3254902,0.3137255,0.41960785,0.5176471,0.5647059,0.6431373,0.6627451,0.69411767,0.76862746,0.75686276,0.45490196,0.46666667,0.45490196,0.44313726,0.4627451,0.4745098,0.5058824,0.46666667,0.38431373,0.26666668,0.19607843,0.20392157,0.21960784,0.2901961,0.25490198,0.27450982,0.3372549,0.34117648,0.29803923,0.25490198,0.23921569,0.35686275,0.5294118,0.6392157,0.7529412,0.75686276,0.67058825,0.654902,0.43137255,0.47058824,0.5019608,0.44705883,0.46666667,0.47843137,0.44313726,0.39215687,0.39607844,0.30980393,0.21568628,0.1882353,0.22352941,0.27450982,0.3254902,0.36862746,0.3764706,0.31764707,0.2627451,0.23921569,0.23529412,0.34117648,0.47058824,0.5921569,0.7019608,0.7137255,0.627451,0.5647059,0.4,0.41960785,0.42745098,0.44313726,0.4745098,0.5058824,0.44313726,0.41568628,0.43529412,0.37254903,0.2901961,0.2,0.15686275,0.23137255,0.31764707,0.32941177,0.31764707,0.24705882,0.19607843,0.21960784,0.23921569,0.3372549,0.44705883,0.5019608,0.6156863,0.69803923,0.62352943,0.50980395,0.47058824,0.4509804,0.4862745,0.52156866,0.49803922,0.45882353,0.4627451,0.40784314,0.42745098,0.4,0.22745098,0.11372549,0.1254902,0.14509805,0.15686275,0.14509805,0.12941177,0.10980392,0.08235294,0.08235294,0.14509805,0.2901961,0.47843137,0.57254905,0.5921569,0.6156863,0.5411765,0.4627451,0.41568628,0.39215687,0.4392157,0.46666667,0.47058824,0.45490196,0.42745098,0.4,0.3647059,0.30588236,0.19607843,0.1254902,0.101960786,0.1254902,0.16470589,0.19215687,0.1882353,0.14509805,0.078431375,0.078431375,0.17254902,0.3372549,0.50980395,0.5803922,0.5882353,0.5568628,0.46666667,0.39607844,0.43529412,0.42352942,0.40784314,0.3529412,0.32941177,0.3647059,0.39215687,0.4117647,0.32941177,0.22352941,0.14901961,0.09019608,0.07058824,0.09803922,0.16470589,0.19215687,0.17254902,0.14901961,0.08627451,0.08627451,0.13333334,0.2509804,0.39607844,0.4745098,0.47058824,0.42745098,0.40392157,0.40784314,0.3647059,0.41568628,0.32156864,0.26666668,0.30980393,0.3529412,0.40392157,0.4,0.32941177,0.26666668,0.16078432,0.09803922,0.050980393,0.047058824,0.11764706,0.16470589,0.15686275,0.11372549,0.07058824,0.08235294,0.14901961,0.3137255,0.4627451,0.5137255,0.5372549,0.49411765,0.49411765,0.44705883,0.37254903,0.36078432,0.28235295,0.2509804,0.2901961,0.34509805,0.34509805,0.27450982,0.23137255,0.23529412,0.15686275,0.10980392,0.047058824,0.023529412,0.06666667,0.1254902,0.1764706,0.13725491,0.105882354,0.14117648,0.20784314,0.30980393,0.3764706,0.42745098,0.5176471,0.5019608,0.5058824,0.47058824,0.3254902,0.32941177,0.2901961,0.21960784,0.28235295,0.34117648,0.36078432,0.21176471,0.16470589,0.15294118,0.08627451,0.050980393,0.03137255,0.05490196,0.105882354,0.13333334,0.14901961,0.101960786,0.078431375,0.09411765,0.14117648,0.1882353,0.24313726,0.3372549,0.42352942,0.47843137,0.4862745,0.44705883,0.2901961,0.30588236,0.2509804,0.20392157,0.27058825,0.3372549,0.3019608,0.19607843,0.15686275,0.13725491,0.08235294,0.03137255,0.023529412,0.043137256,0.09411765,0.11764706,0.10980392,0.05882353,0.043137256,0.06666667,0.105882354,0.16862746,0.29411766,0.43529412,0.42745098,0.45882353,0.4745098,0.3882353,0.24705882,0.28235295,0.2901961,0.2509804,0.21568628,0.21568628,0.2,0.16470589,0.16862746,0.13725491,0.050980393,0.019607844,0.015686275,0.011764706,0.039215688,0.07058824,0.08235294,0.047058824,0.03137255,0.047058824,0.09803922,0.15294118,0.23921569,0.3019608,0.34901962,0.3254902,0.32156864,0.3019608,0.27450982,0.27450982,0.3019608,0.3019608,0.29411766,0.3254902,0.30588236,0.27058825,0.25882354,0.19607843,0.105882354,0.039215688,0.019607844,0.023529412,0.050980393,0.05490196,0.0627451,0.047058824,0.039215688,0.047058824,0.08627451,0.12156863,0.21960784,0.2627451,0.23921569,0.21568628,0.24705882,0.27450982,0.2509804,0.25882354,0.27450982,0.2627451,0.21960784,0.19607843,0.20392157,0.22745098,0.20392157,0.15686275,0.09803922,0.043137256,0.03137255,0.043137256,0.08235294,0.078431375,0.09019608,0.0627451,0.043137256,0.047058824,0.05882353,0.08235294,0.15686275,0.19607843,0.16862746,0.1764706,0.20784314,0.23137255,0.20392157,0.2,0.20784314,0.20784314,0.18431373,0.19607843,0.21568628,0.19215687,0.18431373,0.16078432,0.12156863,0.06666667,0.03529412,0.03137255,0.039215688,0.0627451,0.05490196,0.03529412,0.03137255,0.039215688,0.05490196,0.09803922,0.16862746,0.20784314,0.18431373,0.1764706,0.19215687,0.25882354,0.1764706,0.20784314,0.21568628,0.18431373,0.16862746,0.16862746,0.20784314,0.24705882,0.25490198,0.20392157,0.13333334,0.078431375,0.0627451,0.05490196,0.05882353,0.043137256,0.03137255,0.03529412,0.02745098,0.023529412,0.03529412,0.078431375,0.09803922,0.101960786,0.12156863,0.13725491,0.1764706,0.2509804,0.19215687,0.2509804,0.26666668,0.27450982,0.25490198,0.1882353,0.16470589,0.16862746,0.16470589,0.11764706,0.0627451,0.03529412,0.02745098,0.03529412,0.0627451,0.039215688,0.039215688,0.019607844,0.015686275,0.019607844,0.019607844,0.019607844,0.02745098,0.03529412,0.047058824,0.07450981,0.09019608,0.12941177,0.1764706,0.19607843,0.21568628,0.24313726,0.2627451,0.22745098,0.19607843,0.15686275,0.12156863,0.07450981,0.050980393,0.02745098,0.019607844,0.023529412,0.019607844,0.019607844,0.023529412,0.011764706,0.015686275,0.015686275,0.015686275,0.023529412,0.02745098,0.039215688,0.05490196,0.06666667,0.07058824,0.08235294,0.08235294,0.101960786,0.15294118,0.20784314,0.23921569,0.23921569,0.23137255,0.16470589,0.10980392,0.07450981,0.05882353,0.039215688,0.02745098,0.03137255,0.019607844,0.02745098,0.023529412,0.019607844,0.015686275,0.015686275,0.019607844,0.023529412,0.023529412,0.03137255,0.05490196,0.05882353,0.05882353,0.06666667
1,0.7137255,0.73333335,0.7764706,0.75686276,0.7529412,0.69803923,0.68235296,0.6392157,0.627451,0.654902,0.6627451,0.6901961,0.73333335,0.7254902,0.69411767,0.7019608,0.7647059,0.7176471,0.65882355,0.654902,0.6862745,0.6901961,0.654902,0.6666667,0.69803923,0.69411767,0.70980394,0.68235296,0.50980395,0.5372549,0.57254905,0.5764706,0.5647059,0.5882353,0.627451,0.60784316,0.58431375,0.5764706,0.5647059,0.5921569,0.627451,0.6627451,0.67058825,0.6784314,0.7294118,0.6862745,0.627451,0.5372549,0.50980395,0.5294118,0.53333336,0.5294118,0.5568628,0.61960787,0.5882353,0.5686275,0.53333336,0.5058824,0.4862745,0.47058824,0.49803922,0.49411765,0.49411765,0.48235294,0.47058824,0.4627451,0.4509804,0.44313726,0.44313726,0.48235294,0.52156866,0.5294118,0.5254902,0.5686275,0.56078434,0.5137255,0.5647059,0.6039216,0.5882353,0.56078434,0.58431375,0.5647059,0.54901963,0.5372549,0.5647059,0.54901963,0.5137255,0.4392157,0.48235294,0.49803922,0.50980395,0.5137255,0.5529412,0.5647059,0.5686275,0.5803922,0.49411765,0.4862745,0.48235294,0.46666667,0.47058824,0.49019608,0.47058824,0.5137255,0.48235294,0.4862745,0.49019608,0.4745098,0.47058824,0.44705883,0.40784314,0.40392157,0.62352943,0.5764706,0.54901963,0.47058824,0.49411765,0.5137255,0.50980395,0.5176471,0.52156866,0.5372549,0.5568628,0.53333336,0.4862745,0.49019608,0.50980395,0.5176471,0.5058824,0.5294118,0.46666667,0.46666667,0.48235294,0.5019608,0.49803922,0.4862745,0.46666667,0.4745098,0.44705883,0.4509804,0.60784316,0.6117647,0.6039216,0.5019608,0.5647059,0.5411765,0.52156866,0.5411765,0.54901963,0.57254905,0.5764706,0.5529412,0.53333336,0.5372549,0.5529412,0.5294118,0.49411765,0.5411765,0.5294118,0.4862745,0.59607846,0.56078434,0.5372549,0.5372549,0.5137255,0.50980395,0.48235294,0.47058824,0.7019608,0.61960787,0.5803922,0.44705883,0.44313726,0.52156866,0.53333336,0.54901963,0.5647059,0.61960787,0.61960787,0.6,0.5921569,0.6117647,0.68235296,0.68235296,0.62352943,0.5764706,0.5921569,0.53333336,0.5176471,0.53333336,0.5803922,0.57254905,0.53333336,0.5176471,0.52156866,0.5019608,0.63529414,0.54901963,0.39215687,0.30588236,0.4745098,0.58431375,0.5686275,0.56078434,0.5686275,0.61960787,0.63529414,0.6862745,0.7372549,0.654902,0.60784316,0.53333336,0.4509804,0.48235294,0.5647059,0.4509804,0.44313726,0.5803922,0.61960787,0.5882353,0.5568628,0.58431375,0.57254905,0.5529412,0.49411765,0.47843137,0.3372549,0.27450982,0.41568628,0.61960787,0.73333335,0.69411767,0.65882355,0.69411767,0.70980394,0.69411767,0.5882353,0.47843137,0.2784314,0.16470589,0.16078432,0.3019608,0.4,0.3882353,0.32941177,0.46666667,0.5882353,0.60784316,0.6392157,0.6117647,0.60784316,0.6392157,0.40784314,0.39215687,0.3254902,0.32156864,0.41568628,0.5568628,0.7176471,0.76862746,0.73333335,0.7294118,0.6784314,0.63529414,0.50980395,0.41960785,0.1882353,0.20784314,0.29411766,0.4,0.44705883,0.43137255,0.3882353,0.3764706,0.48235294,0.5568628,0.57254905,0.5254902,0.59607846,0.59607846,0.42745098,0.3764706,0.37254903,0.42745098,0.5372549,0.6431373,0.6156863,0.78039217,0.8901961,0.8862745,0.83137256,0.72156864,0.6156863,0.6901961,0.69411767,0.7490196,0.78431374,0.6784314,0.61960787,0.6627451,0.5921569,0.50980395,0.627451,0.6901961,0.68235296,0.5568628,0.49803922,0.49019608,0.49411765,0.3882353,0.4,0.49803922,0.7058824,0.7411765,0.7411765,0.79607844,0.84705883,0.83137256,0.827451,0.8156863,0.7254902,0.81960785,0.9254902,0.9098039,0.8784314,0.8039216,0.654902,0.5372549,0.5568628,0.5529412,0.72156864,0.85490197,0.84705883,0.73333335,0.61960787,0.5529412,0.4627451,0.40784314,0.4,0.50980395,0.6784314,0.69411767,0.70980394,0.75686276,0.80784315,0.7490196,0.69803923,0.6862745,0.6,0.6784314,0.8156863,0.8901961,0.8862745,0.7490196,0.5372549,0.47843137,0.5019608,0.5058824,0.627451,0.7882353,0.7921569,0.7490196,0.7176471,0.69803923,0.3647059,0.3764706,0.36862746,0.4392157,0.5882353,0.65882355,0.70980394,0.7137255,0.72156864,0.73333335,0.7137255,0.64705884,0.5921569,0.5882353,0.6666667,0.76862746,0.76862746,0.6313726,0.50980395,0.4862745,0.4745098,0.48235294,0.5568628,0.6392157,0.6862745,0.627451,0.6,0.61960787,0.22745098,0.24705882,0.25490198,0.34509805,0.45490196,0.5058824,0.5529412,0.6117647,0.63529414,0.6745098,0.67058825,0.63529414,0.5882353,0.5882353,0.67058825,0.7372549,0.6745098,0.5647059,0.49019608,0.41960785,0.3647059,0.36078432,0.40784314,0.45882353,0.53333336,0.57254905,0.5529412,0.50980395,0.2,0.24313726,0.24705882,0.30588236,0.37254903,0.4117647,0.45490196,0.4745098,0.47843137,0.5019608,0.48235294,0.46666667,0.42352942,0.44313726,0.5529412,0.5882353,0.50980395,0.42352942,0.3882353,0.36862746,0.30588236,0.34509805,0.4117647,0.44705883,0.5568628,0.62352943,0.5529412,0.44705883,0.21176471,0.23529412,0.2901961,0.3254902,0.3764706,0.39607844,0.39607844,0.38039216,0.39607844,0.4509804,0.4509804,0.44705883,0.40784314,0.3882353,0.44705883,0.47058824,0.38039216,0.34117648,0.33333334,0.36862746,0.3529412,0.3764706,0.38039216,0.42352942,0.4862745,0.53333336,0.4745098,0.36862746,0.2509804,0.27450982,0.36078432,0.44313726,0.4509804,0.4392157,0.44705883,0.45882353,0.5294118,0.5411765,0.5137255,0.5058824,0.44705883,0.39607844,0.42745098,0.44705883,0.39215687,0.38039216,0.38039216,0.44313726,0.4392157,0.4117647,0.41568628,0.43529412,0.5019608,0.5529412,0.5294118,0.44705883,0.3019608,0.32156864,0.39215687,0.4745098,0.54509807,0.5568628,0.5372549,0.5176471,0.49019608,0.46666667,0.4392157,0.41568628,0.36078432,0.3764706,0.3882353,0.38039216,0.37254903,0.34509805,0.36862746,0.4117647,0.4745098,0.47058824,0.4509804,0.43529412,0.43529412,0.44313726,0.39607844,0.3372549,0.3019608,0.32156864,0.4,0.4627451,0.5372549,0.60784316,0.5803922,0.5568628,0.54509807,0.5058824,0.5294118,0.49411765,0.45490196,0.53333336,0.5882353,0.5764706,0.5803922,0.56078434,0.5411765,0.5411765,0.5372549,0.5176471,0.5294118,0.5372549,0.5411765,0.6,0.5764706,0.5372549,0.23921569,0.29803923,0.4,0.45490196,0.4745098,0.49019608,0.49019608,0.48235294,0.5137255,0.4862745,0.4509804,0.40392157,0.38039216,0.42745098,0.43529412,0.44705883,0.48235294,0.43137255,0.41568628,0.4627451,0.4862745,0.50980395,0.49411765,0.4862745,0.4627451,0.4745098,0.5176471,0.4862745,0.27450982,0.32156864,0.36078432,0.40784314,0.4627451,0.50980395,0.49411765,0.54901963,0.54901963,0.44313726,0.41568628,0.41960785,0.41960785,0.44313726,0.4627451,0.45490196,0.47058824,0.41568628,0.3882353,0.40784314,0.42745098,0.45490196,0.4745098,0.4627451,0.43529412,0.4509804,0.45882353,0.4117647,0.29803923,0.3529412,0.39215687,0.39607844,0.4117647,0.45882353,0.49019608,0.5137255,0.52156866,0.44313726,0.39607844,0.4,0.41568628,0.41960785,0.42352942,0.43137255,0.46666667,0.46666667,0.40392157,0.38431373,0.39607844,0.43137255,0.52156866,0.5686275,0.5647059,0.5568628,0.5411765,0.47058824,0.34117648,0.39607844,0.4117647,0.42745098,0.39607844,0.35686275,0.36862746,0.41960785,0.43529412,0.42745098,0.37254903,0.32941177,0.33333334,0.30980393,0.28235295,0.30980393,0.37254903,0.3764706,0.3254902,0.2901961,0.2784314,0.28235295,0.31764707,0.3372549,0.3137255,0.3137255,0.3137255,0.30588236,0.1882353,0.27058825,0.3529412,0.4745098,0.5058824,0.4627451,0.43529412,0.41568628,0.41568628,0.4117647,0.3647059,0.36078432,0.36078432,0.32156864,0.28235295,0.29803923,0.3137255,0.30980393,0.26666668,0.2509804,0.23921569,0.24313726,0.29411766,0.32941177,0.25882354,0.24705882,0.25490198,0.2627451,0.12941177,0.16862746,0.20784314,0.25490198,0.29803923,0.30588236,0.34509805,0.36862746,0.34509805,0.3372549,0.32941177,0.34117648,0.3647059,0.37254903,0.3529412,0.34509805,0.3529412,0.36862746,0.34509805,0.34509805,0.38431373,0.3882353,0.3372549,0.28235295,0.23137255,0.21568628,0.21176471,0.20784314,0.11372549,0.1254902,0.15686275,0.19607843,0.19607843,0.19607843,0.21176471,0.23137255,0.2509804,0.26666668,0.2901961,0.30980393,0.36862746,0.43529412,0.46666667,0.4509804,0.44705883,0.42352942,0.38431373,0.34901962,0.3137255,0.28235295,0.23137255,0.20392157,0.18431373,0.16470589,0.16078432,0.16470589,0.101960786,0.12156863,0.14117648,0.16862746,0.18039216,0.19215687,0.22352941,0.25490198,0.30588236,0.34901962,0.3647059,0.34901962,0.36862746,0.3882353,0.34509805,0.29803923,0.29803923,0.29411766,0.27450982,0.25882354,0.23529412,0.2,0.18039216,0.16862746,0.15294118,0.13725491,0.14117648,0.14117648
1,0.7647059,0.7529412,0.7176471,0.6745098,0.68235296,0.7137255,0.7490196,0.72156864,0.69803923,0.6509804,0.6392157,0.6666667,0.6666667,0.69411767,0.7058824,0.69803923,0.6901961,0.7019608,0.6901961,0.69803923,0.69803923,0.7137255,0.7372549,0.7490196,0.7372549,0.7411765,0.76862746,0.7607843,0.78039217,0.78431374,0.72156864,0.59607846,0.49019608,0.46666667,0.5019608,0.46666667,0.47058824,0.49019608,0.63529414,0.7176471,0.70980394,0.7372549,0.7411765,0.74509805,0.79607844,0.7764706,0.7294118,0.69411767,0.7176471,0.74509805,0.73333335,0.74509805,0.7529412,0.7529412,0.78039217,0.80784315,0.7137255,0.72156864,0.70980394,0.59607846,0.46666667,0.42745098,0.38431373,0.3882353,0.41568628,0.40784314,0.5647059,0.6392157,0.6431373,0.63529414,0.6117647,0.5921569,0.63529414,0.654902,0.6627451,0.654902,0.69411767,0.70980394,0.72156864,0.7607843,0.7607843,0.7529412,0.7607843,0.7058824,0.6627451,0.627451,0.5686275,0.627451,0.6627451,0.56078434,0.47843137,0.4862745,0.54509807,0.58431375,0.61960787,0.5647059,0.5686275,0.6117647,0.61960787,0.6156863,0.61960787,0.5764706,0.5921569,0.63529414,0.67058825,0.7058824,0.6431373,0.5529412,0.5254902,0.54509807,0.52156866,0.5529412,0.6745098,0.6509804,0.61960787,0.6901961,0.827451,0.90588236,0.8509804,0.7921569,0.69411767,0.5568628,0.6117647,0.6,0.5803922,0.59607846,0.5921569,0.5137255,0.60784316,0.65882355,0.6901961,0.654902,0.65882355,0.6627451,0.5411765,0.43137255,0.42352942,0.5254902,0.5176471,0.52156866,0.7254902,0.60784316,0.5921569,0.7529412,0.8392157,0.8862745,0.9490196,0.90588236,0.78431374,0.5568628,0.5411765,0.56078434,0.64705884,0.5803922,0.59607846,0.6313726,0.59607846,0.52156866,0.5686275,0.6392157,0.6509804,0.57254905,0.4862745,0.47058824,0.5568628,0.5568628,0.6117647,0.7137255,0.47843137,0.42745098,0.5647059,0.7764706,0.8862745,0.8352941,0.7764706,0.79607844,0.7490196,0.6745098,0.61960787,0.60784316,0.627451,0.7058824,0.6509804,0.5568628,0.6039216,0.5882353,0.49019608,0.5294118,0.5803922,0.5686275,0.64705884,0.6117647,0.62352943,0.65882355,0.70980394,0.6862745,0.43137255,0.43137255,0.48235294,0.64705884,0.7529412,0.69803923,0.7411765,0.6862745,0.5882353,0.5294118,0.5686275,0.54509807,0.53333336,0.49019608,0.53333336,0.5019608,0.45882353,0.47058824,0.50980395,0.5058824,0.654902,0.73333335,0.69803923,0.6313726,0.5568628,0.59607846,0.65882355,0.6784314,0.32156864,0.3882353,0.52156866,0.59607846,0.6431373,0.6627451,0.6745098,0.6627451,0.54509807,0.45490196,0.5137255,0.54509807,0.47058824,0.45882353,0.4509804,0.49411765,0.5647059,0.5882353,0.5137255,0.47058824,0.5921569,0.64705884,0.61960787,0.54901963,0.49019608,0.4627451,0.49411765,0.49803922,0.27450982,0.30980393,0.38431373,0.45882353,0.5254902,0.54901963,0.5254902,0.5254902,0.4745098,0.39215687,0.40784314,0.41960785,0.4117647,0.41568628,0.40784314,0.44313726,0.47843137,0.4862745,0.43529412,0.4117647,0.4745098,0.50980395,0.48235294,0.41960785,0.37254903,0.3254902,0.36078432,0.3764706,0.2,0.22745098,0.27450982,0.33333334,0.3764706,0.38431373,0.3764706,0.38039216,0.36862746,0.31764707,0.3254902,0.31764707,0.3019608,0.30588236,0.29411766,0.32941177,0.3372549,0.3764706,0.32156864,0.3019608,0.36078432,0.4509804,0.42745098,0.36078432,0.34117648,0.31764707,0.29803923,0.25490198,0.17254902,0.22352941,0.25882354,0.30980393,0.34117648,0.34117648,0.30980393,0.30588236,0.27058825,0.22352941,0.23529412,0.2627451,0.2627451,0.2627451,0.23529412,0.2784314,0.31764707,0.39215687,0.30980393,0.27058825,0.28235295,0.36078432,0.3764706,0.32941177,0.30588236,0.29411766,0.27450982,0.24313726,0.20784314,0.2784314,0.30980393,0.30588236,0.29803923,0.30980393,0.2901961,0.29803923,0.27450982,0.23921569,0.22745098,0.24705882,0.23921569,0.21176471,0.21568628,0.23921569,0.23529412,0.2627451,0.2784314,0.27450982,0.26666668,0.3529412,0.36078432,0.29803923,0.28235295,0.28235295,0.2509804,0.23137255,0.25490198,0.30980393,0.31764707,0.3019608,0.34117648,0.33333334,0.29411766,0.27058825,0.23529412,0.2,0.20392157,0.21960784,0.21960784,0.21568628,0.2,0.20784314,0.21176471,0.22745098,0.2627451,0.28235295,0.3372549,0.3764706,0.3882353,0.33333334,0.3372549,0.32941177,0.28627452,0.25882354,0.105882354,0.15294118,0.1764706,0.23529412,0.28627452,0.2901961,0.27058825,0.25882354,0.22352941,0.16470589,0.16470589,0.17254902,0.18431373,0.20784314,0.23137255,0.25490198,0.29411766,0.3254902,0.34117648,0.38039216,0.40784314,0.43137255,0.41568628,0.34117648,0.29803923,0.2627451,0.24313726,0.22352941,0.047058824,0.0627451,0.09411765,0.17254902,0.2,0.21960784,0.22745098,0.21568628,0.21176471,0.1882353,0.20784314,0.21176471,0.19215687,0.21568628,0.2627451,0.2784314,0.2901961,0.32156864,0.3019608,0.30588236,0.29411766,0.28235295,0.27058825,0.22745098,0.18431373,0.16078432,0.15686275,0.14901961,0.047058824,0.047058824,0.05882353,0.12941177,0.1882353,0.20784314,0.22745098,0.23529412,0.20784314,0.19215687,0.21568628,0.21176471,0.1882353,0.19607843,0.21568628,0.21568628,0.20784314,0.21960784,0.24313726,0.22745098,0.18431373,0.16078432,0.15686275,0.13333334,0.11764706,0.09411765,0.09803922,0.09803922,0.043137256,0.043137256,0.05490196,0.14901961,0.19607843,0.20392157,0.21176471,0.20392157,0.18039216,0.16470589,0.16470589,0.15686275,0.16078432,0.18039216,0.21568628,0.20392157,0.1882353,0.24313726,0.23137255,0.18039216,0.11372549,0.101960786,0.10980392,0.105882354,0.101960786,0.08235294,0.078431375,0.07450981,0.043137256,0.047058824,0.06666667,0.13333334,0.16078432,0.15294118,0.13725491,0.12941177,0.1254902,0.101960786,0.09803922,0.09803922,0.09803922,0.11372549,0.11764706,0.1254902,0.13725491,0.15294118,0.14117648,0.09803922,0.07450981,0.078431375,0.09019608,0.09019608,0.08627451,0.08627451,0.07450981,0.06666667,0.047058824,0.043137256,0.05882353,0.09803922,0.11764706,0.13333334,0.09411765,0.078431375,0.08235294,0.05490196,0.05490196,0.05490196,0.0627451,0.07058824,0.07058824,0.07450981,0.08627451,0.08235294,0.07058824,0.0627451,0.05882353,0.07058824,0.09411765,0.09411765,0.09019608,0.08627451,0.07450981,0.07058824,0.05490196,0.050980393,0.06666667,0.08627451,0.09019608,0.08235294,0.07058824,0.0627451,0.050980393,0.03529412,0.043137256,0.03529412,0.047058824,0.047058824,0.047058824,0.050980393,0.05490196,0.050980393,0.050980393,0.050980393,0.047058824,0.05490196,0.078431375,0.08235294,0.08235294,0.10980392,0.08235294,0.0627451,0.05490196,0.05490196,0.05882353,0.08235294,0.08235294,0.07058824,0.05490196,0.047058824,0.047058824,0.03529412,0.039215688,0.03137255,0.03529412,0.043137256,0.039215688,0.039215688,0.039215688,0.039215688,0.043137256,0.039215688,0.039215688,0.039215688,0.047058824,0.06666667,0.0627451,0.07058824,0.05882353,0.0627451,0.06666667,0.06666667,0.0627451,0.078431375,0.07058824,0.06666667,0.05490196,0.047058824,0.043137256,0.043137256,0.039215688,0.039215688,0.039215688,0.039215688,0.03529412,0.039215688,0.039215688,0.039215688,0.03529412,0.039215688,0.043137256,0.047058824,0.047058824,0.050980393,0.05490196,0.0627451,0.0627451,0.06666667,0.07450981,0.07450981,0.06666667,0.06666667,0.06666667,0.05882353,0.05490196,0.05882353,0.050980393,0.043137256,0.047058824,0.043137256,0.043137256,0.043137256,0.043137256,0.039215688,0.03529412,0.039215688,0.039215688,0.047058824,0.043137256,0.050980393,0.050980393,0.05490196,0.05882353,0.0627451,0.06666667,0.07450981,0.07450981,0.07450981,0.06666667,0.06666667,0.0627451,0.05490196,0.05490196,0.05882353,0.050980393,0.043137256,0.043137256,0.043137256,0.043137256,0.047058824,0.039215688,0.047058824,0.047058824,0.043137256,0.047058824,0.047058824,0.047058824,0.050980393,0.05490196,0.0627451,0.06666667,0.07058824,0.06666667,0.07058824,0.08235294,0.078431375,0.07450981,0.07058824,0.0627451,0.05882353,0.05490196,0.05882353,0.050980393,0.050980393,0.047058824,0.050980393,0.047058824,0.050980393,0.047058824,0.050980393,0.047058824,0.050980393,0.05490196,0.050980393,0.05882353,0.05490196,0.0627451,0.07058824,0.0627451,0.07450981,0.07450981,0.078431375,0.08235294,0.078431375,0.078431375,0.07058824,0.06666667,0.06666667,0.0627451,0.0627451,0.05490196,0.050980393,0.05490196,0.05490196,0.050980393,0.05490196,0.050980393,0.050980393,0.050980393,0.050980393,0.05882353,0.05882353,0.05882353,0.05882353,0.0627451,0.07058824,0.07450981,0.07450981,0.078431375,0.07450981,0.078431375,0.07450981,0.078431375,0.06666667,0.0627451,0.0627451,0.06666667,0.06666667,0.0627451,0.05490196,0.05490196,0.05882353,0.05490196,0.05490196,0.05882353,0.05490196,0.05490196,0.050980393,0.05882353,0.05490196,0.050980393,0.05490196,0.06666667,0.0627451,0.07058824,0.07450981,0.08235294,0.08235294
1,0.5529412,0.56078434,0.5921569,0.5882353,0.5921569,0.56078434,0.5568628,0.56078434,0.54901963,0.5764706,0.6117647,0.6392157,0.5803922,0.5921569,0.5921569,0.6313726,0.58431375,0.5529412,0.5686275,0.5529412,0.5294118,0.50980395,0.54509807,0.5568628,0.5529412,0.5647059,0.5568628,0.54509807,0.5176471,0.53333336,0.5294118,0.5568628,0.54901963,0.4862745,0.4117647,0.4509804,0.4627451,0.5176471,0.50980395,0.54901963,0.5372549,0.53333336,0.5529412,0.56078434,0.54509807,0.5647059,0.54901963,0.5058824,0.49019608,0.46666667,0.49411765,0.49803922,0.4862745,0.44705883,0.42745098,0.4392157,0.3372549,0.34509805,0.36078432,0.34901962,0.4117647,0.43529412,0.39607844,0.32941177,0.33333334,0.3137255,0.31764707,0.30588236,0.3372549,0.4,0.34509805,0.30980393,0.3137255,0.30980393,0.31764707,0.3529412,0.3882353,0.34901962,0.3882353,0.3882353,0.32156864,0.29411766,0.30980393,0.34509805,0.3529412,0.3647059,0.39215687,0.35686275,0.35686275,0.35686275,0.3764706,0.31764707,0.34901962,0.3372549,0.3137255,0.3137255,0.29803923,0.27058825,0.2901961,0.34901962,0.31764707,0.28627452,0.29411766,0.29411766,0.2901961,0.2784314,0.34117648,0.3137255,0.3137255,0.33333334,0.34509805,0.3647059,0.34117648,0.37254903,0.36078432,0.3529412,0.3529412,0.35686275,0.36862746,0.3764706,0.3529412,0.3254902,0.2784314,0.2901961,0.29411766,0.28627452,0.3137255,0.3254902,0.29411766,0.30980393,0.32941177,0.30980393,0.29803923,0.27058825,0.27058825,0.30980393,0.3529412,0.36862746,0.39607844,0.3882353,0.38039216,0.39607844,0.39215687,0.3764706,0.36862746,0.38431373,0.39215687,0.49019608,0.5058824,0.4745098,0.4509804,0.47843137,0.49019608,0.48235294,0.4862745,0.45882353,0.41960785,0.39607844,0.39215687,0.3882353,0.39607844,0.37254903,0.3647059,0.4,0.41568628,0.41960785,0.4392157,0.44705883,0.4862745,0.44705883,0.43529412,0.4509804,0.47843137,0.4862745,0.4745098,0.53333336,0.6313726,0.654902,0.67058825,0.6666667,0.5529412,0.39607844,0.3529412,0.41960785,0.47843137,0.45882353,0.42352942,0.39215687,0.42352942,0.4627451,0.38039216,0.3647059,0.40392157,0.50980395,0.52156866,0.4627451,0.69411767,0.65882355,0.63529414,0.64705884,0.59607846,0.5686275,0.47058824,0.4862745,0.56078434,0.5921569,0.6392157,0.6509804,0.6431373,0.6039216,0.5803922,0.56078434,0.5294118,0.4745098,0.50980395,0.47843137,0.43529412,0.43529412,0.43529412,0.4627451,0.5058824,0.59607846,0.5882353,0.4627451,0.54901963,0.58431375,0.59607846,0.6,0.58431375,0.53333336,0.43529412,0.4509804,0.4745098,0.5176471,0.4745098,0.5294118,0.5568628,0.5803922,0.54901963,0.50980395,0.50980395,0.49803922,0.53333336,0.5686275,0.56078434,0.5568628,0.53333336,0.58431375,0.6039216,0.5764706,0.6745098,0.6313726,0.45490196,0.4509804,0.43529412,0.44313726,0.4627451,0.47058824,0.44705883,0.45490196,0.3882353,0.3254902,0.3254902,0.3529412,0.3372549,0.34509805,0.3254902,0.3019608,0.39215687,0.5058824,0.54901963,0.6117647,0.6431373,0.6313726,0.6,0.5686275,0.6,0.62352943,0.58431375,0.5568628,0.49803922,0.5019608,0.4392157,0.35686275,0.32156864,0.3137255,0.31764707,0.26666668,0.26666668,0.32941177,0.3254902,0.32941177,0.32156864,0.29803923,0.2784314,0.25490198,0.31764707,0.48235294,0.5137255,0.5647059,0.63529414,0.61960787,0.57254905,0.5372549,0.6,0.63529414,0.5411765,0.45490196,0.4392157,0.45882353,0.47843137,0.41568628,0.3254902,0.28627452,0.25490198,0.23529412,0.25490198,0.2784314,0.30588236,0.28235295,0.27058825,0.2509804,0.2627451,0.32156864,0.43137255,0.5176471,0.48235294,0.5058824,0.53333336,0.48235294,0.48235294,0.4862745,0.54509807,0.56078434,0.48235294,0.4509804,0.38431373,0.39607844,0.42352942,0.43529412,0.4117647,0.3882353,0.33333334,0.36078432,0.43529412,0.4117647,0.34117648,0.2784314,0.2627451,0.31764707,0.44313726,0.5254902,0.50980395,0.45882353,0.41568628,0.43137255,0.45490196,0.4392157,0.43529412,0.43137255,0.4509804,0.5058824,0.49803922,0.50980395,0.41960785,0.4117647,0.40784314,0.40784314,0.4117647,0.47058824,0.4392157,0.4509804,0.5058824,0.5372549,0.5176471,0.5019608,0.49803922,0.52156866,0.54509807,0.5019608,0.4392157,0.4,0.40784314,0.40784314,0.42352942,0.43137255,0.44705883,0.4627451,0.47843137,0.5137255,0.5137255,0.5019608,0.4862745,0.47058824,0.49019608,0.47843137,0.48235294,0.48235294,0.49019608,0.4745098,0.5019608,0.53333336,0.5019608,0.5294118,0.5254902,0.52156866,0.5294118,0.5058824,0.45882353,0.40392157,0.39215687,0.40784314,0.4,0.41960785,0.43137255,0.43137255,0.40392157,0.40784314,0.44705883,0.43137255,0.38431373,0.35686275,0.36078432,0.3647059,0.4117647,0.39215687,0.4,0.45490196,0.63529414,0.6901961,0.6627451,0.6156863,0.57254905,0.5529412,0.5294118,0.49019608,0.42352942,0.36862746,0.3647059,0.38039216,0.4,0.43529412,0.43529412,0.41568628,0.42352942,0.44705883,0.42745098,0.4,0.3254902,0.3529412,0.37254903,0.37254903,0.32156864,0.27058825,0.27450982,0.3019608,0.47058824,0.57254905,0.58431375,0.5686275,0.5411765,0.52156866,0.47843137,0.4745098,0.41960785,0.34509805,0.34117648,0.3647059,0.38431373,0.41568628,0.36862746,0.38431373,0.4,0.38431373,0.3764706,0.32941177,0.34509805,0.42352942,0.40392157,0.39607844,0.3764706,0.34509805,0.32156864,0.3372549,0.42352942,0.41960785,0.4117647,0.4,0.34901962,0.32941177,0.33333334,0.32941177,0.29411766,0.2784314,0.2784314,0.3137255,0.29803923,0.3019608,0.29803923,0.27450982,0.26666668,0.24705882,0.27058825,0.28627452,0.28235295,0.29803923,0.3372549,0.36862746,0.36078432,0.3254902,0.30980393,0.34901962,0.38039216,0.40392157,0.43529412,0.40392157,0.38431373,0.36862746,0.3372549,0.29803923,0.24705882,0.21176471,0.19215687,0.20392157,0.21176471,0.22745098,0.25490198,0.2509804,0.23921569,0.25490198,0.28235295,0.3019608,0.25882354,0.2509804,0.2509804,0.27450982,0.25882354,0.23921569,0.23921569,0.32941177,0.3647059,0.38431373,0.3882353,0.36078432,0.37254903,0.3529412,0.27058825,0.28235295,0.21568628,0.18431373,0.18039216,0.1882353,0.16078432,0.18431373,0.21960784,0.23137255,0.23529412,0.28235295,0.3137255,0.3254902,0.16862746,0.18431373,0.22352941,0.23529412,0.2,0.2,0.21960784,0.21960784,0.2627451,0.2784314,0.2784314,0.2901961,0.27450982,0.25882354,0.20784314,0.18039216,0.14117648,0.11372549,0.09803922,0.105882354,0.11372549,0.19607843,0.20392157,0.20392157,0.21176471,0.21960784,0.23529412,0.2509804,0.14901961,0.14901961,0.17254902,0.1764706,0.15294118,0.16470589,0.18039216,0.1882353,0.2,0.1882353,0.1882353,0.19215687,0.19215687,0.18431373,0.1764706,0.16470589,0.15294118,0.13333334,0.1254902,0.1254902,0.13725491,0.15294118,0.16470589,0.16078432,0.15686275,0.14117648,0.14901961,0.15294118,0.16470589,0.1882353,0.16470589,0.13333334,0.13725491,0.13725491,0.14901961,0.15294118,0.15686275,0.1764706,0.20392157,0.16078432,0.14117648,0.14117648,0.12941177,0.11764706,0.12156863,0.10980392,0.12941177,0.13725491,0.17254902,0.19607843,0.20392157,0.20784314,0.20392157,0.1764706,0.1764706,0.19215687,0.15686275,0.14901961,0.14509805,0.13725491,0.16470589,0.2,0.2509804,0.28627452,0.23921569,0.21960784,0.22352941,0.15294118,0.11372549,0.105882354,0.101960786,0.09803922,0.078431375,0.0627451,0.0627451,0.0627451,0.07450981,0.09019608,0.101960786,0.1254902,0.12156863,0.10980392,0.12156863,0.14901961,0.18431373,0.2,0.21176471,0.19215687,0.15294118,0.16470589,0.23529412,0.32941177,0.34117648,0.32156864,0.34509805,0.2627451,0.18039216,0.10980392,0.07058824,0.05490196,0.05882353,0.047058824,0.05490196,0.05882353,0.0627451,0.06666667,0.078431375,0.09411765,0.09019608,0.09019608,0.09019608,0.09803922,0.18039216,0.18431373,0.17254902,0.16862746,0.105882354,0.09803922,0.13333334,0.23137255,0.3019608,0.3137255,0.36862746,0.34509805,0.2784314,0.18431373,0.11764706,0.08235294,0.050980393,0.03529412,0.043137256,0.047058824,0.050980393,0.05882353,0.0627451,0.0627451,0.06666667,0.07450981,0.07058824,0.07058824,0.08627451,0.078431375,0.07450981,0.06666667,0.05882353,0.05882353,0.08235294,0.1254902,0.15294118,0.16078432,0.19607843,0.22352941,0.2,0.1882353,0.16862746,0.14509805,0.10980392,0.07058824,0.0627451,0.0627451,0.047058824,0.05490196,0.05882353,0.0627451,0.06666667,0.06666667,0.06666667,0.05882353,0.0627451,0.05882353,0.05490196,0.047058824,0.047058824,0.05882353,0.08235294,0.11372549,0.09803922,0.09019608,0.11372549,0.11372549,0.09411765,0.09019608,0.09411765,0.09803922,0.08627451,0.09019608,0.09411765,0.105882354,0.10980392,0.13333334,0.14117648,0.14509805,0.12156863,0.09803922,0.09803922,0.09411765
1,0.105882354,0.08627451,0.08627451,0.09803922,0.10980392,0.14117648,0.17254902,0.1882353,0.2,0.20784314,0.20784314,0.20784314,0.20392157,0.21960784,0.22352941,0.24313726,0.2509804,0.28235295,0.28235295,0.24705882,0.23137255,0.22745098,0.22352941,0.23529412,0.24313726,0.23137255,0.2509804,0.26666668,0.07058824,0.05490196,0.050980393,0.050980393,0.07450981,0.12941177,0.17254902,0.20784314,0.2,0.20392157,0.22352941,0.2627451,0.23921569,0.23921569,0.23529412,0.24313726,0.27058825,0.30588236,0.34117648,0.32156864,0.30980393,0.30980393,0.32156864,0.30588236,0.32156864,0.31764707,0.3137255,0.3254902,0.09411765,0.07450981,0.06666667,0.078431375,0.08627451,0.13725491,0.22352941,0.28627452,0.2627451,0.26666668,0.25882354,0.28627452,0.25882354,0.26666668,0.2627451,0.2784314,0.3254902,0.4,0.41960785,0.40784314,0.36078432,0.34117648,0.32941177,0.3137255,0.3254902,0.3254902,0.30980393,0.29803923,0.14509805,0.12941177,0.09803922,0.101960786,0.12941177,0.22352941,0.33333334,0.38431373,0.37254903,0.3647059,0.32156864,0.3254902,0.3372549,0.36862746,0.34509805,0.33333334,0.37254903,0.4117647,0.44705883,0.50980395,0.53333336,0.5411765,0.54901963,0.5137255,0.4509804,0.45882353,0.4745098,0.5058824,0.14509805,0.12941177,0.14901961,0.16470589,0.16862746,0.2784314,0.38039216,0.4627451,0.45882353,0.3882353,0.43137255,0.43529412,0.36862746,0.3764706,0.37254903,0.38431373,0.42745098,0.49411765,0.52156866,0.5411765,0.6,0.62352943,0.6431373,0.63529414,0.5686275,0.6117647,0.57254905,0.49019608,0.09803922,0.08627451,0.16470589,0.18431373,0.17254902,0.27450982,0.3882353,0.53333336,0.5254902,0.49411765,0.5764706,0.4392157,0.4,0.36862746,0.41568628,0.5019608,0.47843137,0.47843137,0.6392157,0.6392157,0.61960787,0.6,0.5686275,0.5372549,0.54509807,0.6039216,0.5882353,0.47058824,0.05490196,0.08627451,0.18039216,0.18039216,0.15294118,0.2627451,0.3882353,0.5058824,0.5372549,0.4862745,0.54901963,0.48235294,0.39607844,0.3529412,0.4509804,0.5137255,0.47058824,0.6039216,0.74509805,0.6431373,0.58431375,0.5372549,0.5294118,0.5411765,0.62352943,0.69411767,0.62352943,0.49019608,0.0627451,0.101960786,0.20784314,0.1764706,0.16078432,0.23529412,0.3764706,0.41960785,0.41568628,0.38039216,0.5529412,0.47843137,0.37254903,0.38431373,0.49019608,0.53333336,0.48235294,0.5529412,0.6901961,0.5294118,0.5254902,0.5176471,0.50980395,0.5411765,0.6,0.61960787,0.5137255,0.48235294,0.11764706,0.16470589,0.23529412,0.27450982,0.24705882,0.21176471,0.30588236,0.2784314,0.28627452,0.29803923,0.5137255,0.5137255,0.40784314,0.3764706,0.4627451,0.48235294,0.5137255,0.4117647,0.48235294,0.42745098,0.42745098,0.47058824,0.49803922,0.5058824,0.5137255,0.49411765,0.3882353,0.46666667,0.0627451,0.10980392,0.1882353,0.2509804,0.22352941,0.25882354,0.32941177,0.36862746,0.45882353,0.43529412,0.43137255,0.48235294,0.49803922,0.5254902,0.54509807,0.50980395,0.5176471,0.3882353,0.28235295,0.35686275,0.3764706,0.4509804,0.5019608,0.5176471,0.53333336,0.5764706,0.5058824,0.5568628,0.09803922,0.11372549,0.14509805,0.22745098,0.30588236,0.28235295,0.40392157,0.5019608,0.5411765,0.48235294,0.42745098,0.46666667,0.41960785,0.49803922,0.6117647,0.61960787,0.5176471,0.3254902,0.23137255,0.31764707,0.47058824,0.57254905,0.6117647,0.5568628,0.52156866,0.49411765,0.44313726,0.56078434,0.023529412,0.03137255,0.07450981,0.18039216,0.31764707,0.33333334,0.3372549,0.42352942,0.39607844,0.3764706,0.39607844,0.5019608,0.46666667,0.4392157,0.5921569,0.61960787,0.5019608,0.34509805,0.27058825,0.27450982,0.3254902,0.4117647,0.5058824,0.5137255,0.4627451,0.40392157,0.3372549,0.36078432,0.023529412,0.0627451,0.03137255,0.02745098,0.08235294,0.22352941,0.34509805,0.3529412,0.32156864,0.33333334,0.3372549,0.41568628,0.4509804,0.50980395,0.57254905,0.5568628,0.5176471,0.35686275,0.25490198,0.22352941,0.22745098,0.2509804,0.32156864,0.3647059,0.39607844,0.36078432,0.32156864,0.3529412,0.03137255,0.05882353,0.047058824,0.023529412,0.019607844,0.078431375,0.20392157,0.2784314,0.3019608,0.3137255,0.35686275,0.43529412,0.5372549,0.63529414,0.7058824,0.6627451,0.5254902,0.39607844,0.22352941,0.18039216,0.23137255,0.3019608,0.3372549,0.32156864,0.42745098,0.39215687,0.40784314,0.4509804,0.023529412,0.03529412,0.0627451,0.101960786,0.13725491,0.14901961,0.14901961,0.17254902,0.20784314,0.2627451,0.3647059,0.4392157,0.5921569,0.67058825,0.6431373,0.5137255,0.37254903,0.2509804,0.16470589,0.15294118,0.20392157,0.27450982,0.27450982,0.26666668,0.3372549,0.31764707,0.3137255,0.3529412,0.023529412,0.03137255,0.03529412,0.11764706,0.20784314,0.21176471,0.21176471,0.28235295,0.32156864,0.30588236,0.34901962,0.40784314,0.48235294,0.5294118,0.44705883,0.30588236,0.2784314,0.28235295,0.26666668,0.25490198,0.27058825,0.29803923,0.28235295,0.29803923,0.34117648,0.30980393,0.29803923,0.29803923,0.02745098,0.03529412,0.05490196,0.09411765,0.12941177,0.14509805,0.14117648,0.18431373,0.2509804,0.2784314,0.35686275,0.4627451,0.46666667,0.47058824,0.46666667,0.4627451,0.3647059,0.2784314,0.23137255,0.23529412,0.29803923,0.34901962,0.3137255,0.27450982,0.25882354,0.24705882,0.22745098,0.23137255,0.039215688,0.05490196,0.08627451,0.11372549,0.13725491,0.14117648,0.16470589,0.22352941,0.25490198,0.27058825,0.34509805,0.39607844,0.45490196,0.5254902,0.52156866,0.53333336,0.47058824,0.40784314,0.3254902,0.2784314,0.27058825,0.27058825,0.27450982,0.24313726,0.22352941,0.21960784,0.21960784,0.22745098,0.047058824,0.07058824,0.09411765,0.105882354,0.15686275,0.19215687,0.1882353,0.2,0.19607843,0.22745098,0.28235295,0.3529412,0.4,0.3647059,0.33333334,0.32941177,0.33333334,0.31764707,0.29411766,0.27450982,0.2627451,0.2784314,0.2509804,0.22352941,0.19607843,0.20784314,0.19607843,0.19215687,0.047058824,0.05490196,0.07058824,0.101960786,0.15294118,0.15294118,0.14117648,0.17254902,0.19607843,0.24705882,0.29803923,0.30588236,0.3019608,0.28235295,0.29803923,0.3137255,0.34509805,0.35686275,0.30588236,0.2627451,0.23137255,0.23529412,0.23921569,0.22352941,0.1882353,0.18039216,0.19215687,0.19607843,0.039215688,0.050980393,0.07058824,0.08627451,0.101960786,0.11372549,0.12941177,0.15294118,0.1882353,0.21960784,0.26666668,0.3254902,0.32156864,0.3137255,0.34509805,0.34117648,0.3254902,0.36078432,0.31764707,0.27450982,0.22745098,0.21568628,0.21960784,0.21568628,0.2,0.21176471,0.19607843,0.16470589,0.03137255,0.039215688,0.05490196,0.07058824,0.09019608,0.09803922,0.105882354,0.13725491,0.18431373,0.21960784,0.23921569,0.23921569,0.24705882,0.25490198,0.29803923,0.31764707,0.32156864,0.35686275,0.32941177,0.2784314,0.23921569,0.22352941,0.21960784,0.21960784,0.22352941,0.26666668,0.2509804,0.22352941,0.039215688,0.043137256,0.050980393,0.08627451,0.11764706,0.13333334,0.13333334,0.1254902,0.16078432,0.22352941,0.27058825,0.3019608,0.29803923,0.3137255,0.3372549,0.29803923,0.2784314,0.2901961,0.28627452,0.24705882,0.20784314,0.2,0.21176471,0.21176471,0.22745098,0.2627451,0.23921569,0.24313726,0.039215688,0.047058824,0.05882353,0.09019608,0.1254902,0.13333334,0.15294118,0.17254902,0.21568628,0.28235295,0.27450982,0.25490198,0.24705882,0.2627451,0.2784314,0.25490198,0.2509804,0.29411766,0.28235295,0.22352941,0.16078432,0.15294118,0.1764706,0.1764706,0.2,0.26666668,0.28627452,0.2784314,0.043137256,0.043137256,0.05882353,0.08235294,0.10980392,0.12156863,0.12941177,0.13333334,0.1764706,0.23921569,0.2509804,0.24313726,0.23921569,0.2784314,0.28235295,0.21176471,0.18039216,0.18039216,0.16862746,0.14509805,0.11372549,0.105882354,0.11372549,0.12156863,0.13333334,0.16470589,0.16470589,0.14901961,0.039215688,0.043137256,0.0627451,0.08235294,0.09019608,0.09411765,0.105882354,0.12941177,0.1764706,0.22745098,0.22352941,0.2,0.16470589,0.14901961,0.14117648,0.13333334,0.13333334,0.14901961,0.15294118,0.14117648,0.11764706,0.101960786,0.10980392,0.1254902,0.14117648,0.19607843,0.20392157,0.14901961,0.03529412,0.043137256,0.050980393,0.07058824,0.09019608,0.08235294,0.078431375,0.07450981,0.09019608,0.105882354,0.105882354,0.10980392,0.10980392,0.11764706,0.13333334,0.14509805,0.16078432,0.16862746,0.17254902,0.1764706,0.14901961,0.14901961,0.16078432,0.16862746,0.16862746,0.19607843,0.18431373,0.14117648,0.03529412,0.039215688,0.043137256,0.050980393,0.05490196,0.05490196,0.050980393,0.05490196,0.07058824,0.09019608,0.10980392,0.14901961,0.16470589,0.1882353,0.19607843,0.18431373,0.19215687,0.19607843,0.20784314,0.1764706,0.13333334,0.11372549,0.101960786,0.09019608,0.09019608,0.09019608,0.09019608,0.09019608
1,0.6117647,0.5882353,0.58431375,0.5764706,0.6,0.6156863,0.627451,0.627451,0.6431373,0.65882355,0.67058825,0.6627451,0.654902,0.6509804,0.62352943,0.63529414,0.6313726,0.6509804,0.65882355,0.654902,0.65882355,0.64705884,0.627451,0.6313726,0.6509804,0.64705884,0.6784314,0.69803923,0.53333336,0.5568628,0.5568628,0.5686275,0.60784316,0.6117647,0.6392157,0.6627451,0.68235296,0.65882355,0.62352943,0.6745098,0.65882355,0.5647059,0.5529412,0.5921569,0.5686275,0.5568628,0.5686275,0.57254905,0.5882353,0.59607846,0.6117647,0.62352943,0.6509804,0.61960787,0.627451,0.62352943,0.41960785,0.4117647,0.37254903,0.39607844,0.47843137,0.5372549,0.53333336,0.48235294,0.49019608,0.5137255,0.53333336,0.53333336,0.4745098,0.42745098,0.44705883,0.5019608,0.5294118,0.54901963,0.5372549,0.5372549,0.54509807,0.5254902,0.5254902,0.5529412,0.5529412,0.49803922,0.5254902,0.53333336,0.5019608,0.47058824,0.40784314,0.3882353,0.42745098,0.5058824,0.54509807,0.5254902,0.53333336,0.5254902,0.54509807,0.53333336,0.5294118,0.50980395,0.47058824,0.49019608,0.49411765,0.49411765,0.4862745,0.49803922,0.5137255,0.47843137,0.44313726,0.45882353,0.49803922,0.5529412,0.6117647,0.62352943,0.44313726,0.41960785,0.4117647,0.4,0.40784314,0.46666667,0.43529412,0.4392157,0.47843137,0.45882353,0.46666667,0.4862745,0.49803922,0.49411765,0.4392157,0.4392157,0.4509804,0.4392157,0.46666667,0.49019608,0.5254902,0.4862745,0.48235294,0.47058824,0.44313726,0.49803922,0.6,0.627451,0.46666667,0.47843137,0.49803922,0.49019608,0.49803922,0.5764706,0.52156866,0.5058824,0.5137255,0.49411765,0.5372549,0.5568628,0.57254905,0.60784316,0.5568628,0.4745098,0.45882353,0.4745098,0.49803922,0.50980395,0.5372549,0.5137255,0.5137255,0.5372549,0.5058824,0.4745098,0.49803922,0.54901963,0.47843137,0.47843137,0.49019608,0.5019608,0.5019608,0.53333336,0.5686275,0.53333336,0.5294118,0.62352943,0.63529414,0.63529414,0.6117647,0.6117647,0.60784316,0.6,0.6156863,0.627451,0.61960787,0.5686275,0.54509807,0.53333336,0.49019608,0.52156866,0.54901963,0.5647059,0.59607846,0.6392157,0.5058824,0.47843137,0.49019608,0.5019608,0.5058824,0.5568628,0.6,0.5921569,0.5764706,0.54509807,0.58431375,0.60784316,0.60784316,0.58431375,0.54509807,0.5411765,0.54901963,0.56078434,0.57254905,0.5764706,0.56078434,0.5137255,0.43529412,0.43529412,0.45490196,0.5058824,0.5764706,0.61960787,0.41960785,0.4627451,0.4745098,0.4627451,0.47843137,0.5411765,0.5803922,0.5686275,0.54901963,0.49411765,0.50980395,0.5254902,0.5529412,0.57254905,0.57254905,0.5568628,0.54509807,0.54509807,0.5411765,0.5529412,0.5568628,0.49803922,0.42745098,0.38431373,0.3764706,0.4117647,0.4862745,0.49411765,0.5764706,0.57254905,0.5568628,0.5294118,0.5058824,0.49019608,0.5058824,0.5019608,0.49411765,0.4862745,0.4392157,0.41568628,0.48235294,0.54901963,0.5568628,0.54901963,0.54509807,0.5529412,0.5568628,0.5764706,0.5764706,0.5019608,0.4745098,0.45882353,0.4392157,0.39215687,0.4117647,0.41960785,0.49019608,0.5372549,0.5647059,0.5882353,0.5882353,0.5529412,0.4862745,0.4392157,0.4392157,0.44313726,0.44313726,0.4117647,0.44313726,0.50980395,0.5372549,0.5686275,0.57254905,0.56078434,0.5803922,0.58431375,0.5764706,0.5254902,0.45882353,0.43529412,0.4509804,0.44705883,0.45882353,0.44313726,0.3019608,0.3529412,0.3764706,0.42352942,0.4627451,0.49803922,0.5294118,0.57254905,0.53333336,0.46666667,0.42352942,0.40784314,0.40392157,0.44313726,0.47843137,0.5294118,0.58431375,0.6,0.5921569,0.5529412,0.54901963,0.5176471,0.4745098,0.45490196,0.46666667,0.48235294,0.5058824,0.5019608,0.29411766,0.32941177,0.34901962,0.34509805,0.34509805,0.3372549,0.38431373,0.4862745,0.5529412,0.57254905,0.53333336,0.46666667,0.41960785,0.40392157,0.41960785,0.45882353,0.4745098,0.4745098,0.4862745,0.46666667,0.44313726,0.44705883,0.46666667,0.47058824,0.45490196,0.44705883,0.44313726,0.44705883,0.36078432,0.44313726,0.45490196,0.4392157,0.40784314,0.36862746,0.36078432,0.3647059,0.34901962,0.3647059,0.42352942,0.44705883,0.49803922,0.5411765,0.54509807,0.5019608,0.45882353,0.4392157,0.43137255,0.40784314,0.35686275,0.34901962,0.37254903,0.3647059,0.37254903,0.3882353,0.40392157,0.4,0.36862746,0.3764706,0.34117648,0.34509805,0.37254903,0.3647059,0.3882353,0.42745098,0.45882353,0.43137255,0.39215687,0.35686275,0.36862746,0.45490196,0.5803922,0.6,0.5411765,0.4745098,0.4627451,0.44313726,0.37254903,0.32941177,0.30588236,0.2784314,0.26666668,0.3137255,0.3529412,0.37254903,0.41568628,0.40784314,0.3882353,0.3882353,0.40784314,0.38039216,0.39607844,0.3882353,0.36862746,0.3647059,0.3647059,0.3882353,0.41960785,0.43137255,0.42352942,0.41568628,0.4509804,0.45490196,0.4862745,0.5019608,0.44705883,0.40392157,0.3647059,0.30588236,0.26666668,0.26666668,0.2784314,0.27058825,0.43137255,0.44705883,0.4627451,0.4862745,0.47058824,0.46666667,0.49803922,0.53333336,0.53333336,0.54901963,0.49803922,0.4,0.38039216,0.41568628,0.4392157,0.40784314,0.41960785,0.39607844,0.3764706,0.37254903,0.34117648,0.35686275,0.40784314,0.4117647,0.38039216,0.31764707,0.30588236,0.27450982,0.34117648,0.38431373,0.42745098,0.43529412,0.4392157,0.44313726,0.44705883,0.4392157,0.4392157,0.45490196,0.46666667,0.44313726,0.4509804,0.4862745,0.5019608,0.4392157,0.38431373,0.34901962,0.34117648,0.31764707,0.28235295,0.2784314,0.3254902,0.3529412,0.36862746,0.38431373,0.36078432,0.32941177,0.2784314,0.30588236,0.3372549,0.3529412,0.38039216,0.39607844,0.43137255,0.44705883,0.43137255,0.42352942,0.41568628,0.38431373,0.3764706,0.40392157,0.4745098,0.50980395,0.4862745,0.4392157,0.4392157,0.4,0.35686275,0.32941177,0.30980393,0.29803923,0.29411766,0.3137255,0.31764707,0.3019608,0.18039216,0.20392157,0.2509804,0.28235295,0.2901961,0.3019608,0.3137255,0.3372549,0.36862746,0.39607844,0.4,0.3882353,0.4117647,0.46666667,0.47843137,0.4745098,0.4745098,0.4627451,0.4392157,0.40784314,0.3764706,0.36862746,0.36862746,0.34509805,0.32941177,0.30980393,0.28235295,0.27450982,0.13333334,0.14509805,0.15294118,0.18431373,0.23921569,0.28627452,0.31764707,0.34509805,0.36078432,0.35686275,0.36078432,0.34509805,0.3882353,0.42352942,0.41568628,0.39215687,0.38039216,0.3882353,0.39607844,0.38039216,0.3647059,0.3529412,0.37254903,0.36862746,0.34509805,0.32941177,0.2901961,0.28235295,0.18431373,0.16470589,0.15686275,0.16078432,0.22352941,0.29411766,0.32941177,0.3882353,0.4392157,0.4117647,0.34901962,0.30980393,0.31764707,0.39215687,0.45490196,0.46666667,0.40392157,0.36862746,0.32156864,0.31764707,0.30980393,0.30980393,0.3019608,0.2901961,0.2627451,0.28235295,0.28235295,0.28235295,0.1882353,0.1882353,0.1764706,0.1764706,0.1882353,0.20392157,0.23529412,0.27058825,0.33333334,0.4,0.43529412,0.4117647,0.38431373,0.35686275,0.38431373,0.40392157,0.42745098,0.4509804,0.43137255,0.43137255,0.41568628,0.39215687,0.37254903,0.35686275,0.3019608,0.3019608,0.2901961,0.28627452,0.14117648,0.14509805,0.16470589,0.18039216,0.17254902,0.1882353,0.21960784,0.21960784,0.2627451,0.28235295,0.3137255,0.36078432,0.40392157,0.44313726,0.44705883,0.40784314,0.36862746,0.3529412,0.3254902,0.30588236,0.29411766,0.3019608,0.3019608,0.31764707,0.3019608,0.29411766,0.30588236,0.30980393,0.101960786,0.1254902,0.14509805,0.15294118,0.16078432,0.18039216,0.2,0.19607843,0.23137255,0.23921569,0.24313726,0.2509804,0.2901961,0.3137255,0.3647059,0.4,0.4117647,0.40392157,0.36078432,0.29411766,0.26666668,0.2627451,0.23529412,0.21176471,0.19215687,0.19215687,0.22352941,0.23529412,0.08627451,0.101960786,0.10980392,0.10980392,0.12941177,0.13725491,0.14509805,0.16862746,0.1882353,0.19215687,0.20392157,0.20784314,0.22745098,0.24313726,0.24705882,0.28235295,0.29411766,0.3254902,0.33333334,0.3254902,0.31764707,0.31764707,0.28627452,0.23137255,0.20784314,0.16470589,0.14901961,0.14901961,0.078431375,0.08235294,0.09019608,0.09411765,0.11372549,0.11764706,0.12156863,0.14509805,0.16078432,0.16862746,0.16470589,0.18431373,0.19215687,0.2,0.21568628,0.23921569,0.2509804,0.25490198,0.25490198,0.26666668,0.2784314,0.28627452,0.27450982,0.24705882,0.21176471,0.16862746,0.13333334,0.14117648,0.09019608,0.08235294,0.078431375,0.08235294,0.10980392,0.11372549,0.11372549,0.12156863,0.12941177,0.14117648,0.12941177,0.16470589,0.1764706,0.16078432,0.17254902,0.1882353,0.19215687,0.20392157,0.1882353,0.21176471,0.21176471,0.21960784,0.25490198,0.2784314,0.24705882,0.21960784,0.16470589,0.14901961
1,0.3764706,0.38039216,0.3882353,0.3882353,0.40784314,0.4117647,0.42352942,0.43137255,0.42352942,0.4117647,0.40784314,0.41960785,0.43137255,0.41568628,0.4117647,0.39607844,0.4,0.40392157,0.40784314,0.40784314,0.4117647,0.40392157,0.4117647,0.40784314,0.4,0.39215687,0.38039216,0.37254903,0.3254902,0.3254902,0.36862746,0.3882353,0.3882353,0.38431373,0.36078432,0.34901962,0.34117648,0.33333334,0.3372549,0.38039216,0.42745098,0.44313726,0.3882353,0.3529412,0.35686275,0.39215687,0.42745098,0.40784314,0.40784314,0.4,0.41568628,0.41960785,0.41568628,0.39215687,0.3647059,0.34901962,0.2509804,0.27450982,0.26666668,0.25490198,0.24705882,0.24313726,0.23529412,0.22745098,0.24705882,0.23137255,0.23137255,0.18039216,0.17254902,0.21568628,0.23529412,0.23921569,0.2784314,0.26666668,0.23529412,0.2,0.20784314,0.19215687,0.2,0.21568628,0.23529412,0.21568628,0.19215687,0.20392157,0.29411766,0.28627452,0.26666668,0.21960784,0.18431373,0.19215687,0.23529412,0.24705882,0.29803923,0.30588236,0.29411766,0.27450982,0.22745098,0.22352941,0.21568628,0.25490198,0.24313726,0.17254902,0.17254902,0.18431373,0.16862746,0.15686275,0.16078432,0.16862746,0.23137255,0.26666668,0.24313726,0.18039216,0.19215687,0.21568628,0.22745098,0.23529412,0.1764706,0.17254902,0.20784314,0.25882354,0.28627452,0.2784314,0.33333334,0.4,0.3882353,0.3137255,0.28235295,0.3254902,0.29803923,0.28235295,0.25490198,0.23529412,0.21176471,0.1764706,0.15294118,0.1764706,0.18039216,0.16470589,0.1764706,0.17254902,0.26666668,0.3372549,0.3764706,0.34901962,0.32941177,0.3019608,0.32156864,0.3137255,0.30588236,0.32156864,0.3372549,0.38431373,0.47058824,0.47058824,0.43137255,0.43137255,0.41568628,0.39607844,0.30980393,0.2784314,0.24313726,0.18039216,0.16078432,0.16078432,0.16470589,0.2,0.23137255,0.2509804,0.29411766,0.34901962,0.34509805,0.28235295,0.22352941,0.24313726,0.30588236,0.33333334,0.34117648,0.28627452,0.20392157,0.24705882,0.32941177,0.38431373,0.40784314,0.42352942,0.43137255,0.4392157,0.3764706,0.34117648,0.35686275,0.38039216,0.36078432,0.34509805,0.3137255,0.36078432,0.4117647,0.3882353,0.40784314,0.32156864,0.18431373,0.12941177,0.105882354,0.15686275,0.17254902,0.17254902,0.20392157,0.24705882,0.2,0.11372549,0.15686275,0.19607843,0.21176471,0.1764706,0.1764706,0.23529412,0.30980393,0.35686275,0.3764706,0.41568628,0.44705883,0.41568628,0.38431373,0.39607844,0.4392157,0.47843137,0.24313726,0.16078432,0.09019608,0.06666667,0.050980393,0.10980392,0.19607843,0.15686275,0.13725491,0.16862746,0.101960786,0.07450981,0.14901961,0.19607843,0.1882353,0.16078432,0.18431373,0.20392157,0.25882354,0.38431373,0.34901962,0.29411766,0.3529412,0.31764707,0.34117648,0.34901962,0.37254903,0.34509805,0.22745098,0.13725491,0.13333334,0.14901961,0.078431375,0.07058824,0.14901961,0.14117648,0.09411765,0.07450981,0.023529412,0.02745098,0.0627451,0.11764706,0.21568628,0.27450982,0.21960784,0.15294118,0.13725491,0.25882354,0.30588236,0.3137255,0.30980393,0.27058825,0.2784314,0.34901962,0.3019608,0.34117648,0.18039216,0.20392157,0.20784314,0.09019608,0.039215688,0.07058824,0.05490196,0.0627451,0.05490196,0.039215688,0.015686275,0.019607844,0.043137256,0.05490196,0.07450981,0.11372549,0.10980392,0.105882354,0.08235294,0.09803922,0.23529412,0.3019608,0.3137255,0.28235295,0.27058825,0.33333334,0.31764707,0.36862746,0.3019608,0.1882353,0.078431375,0.011764706,0.019607844,0.050980393,0.07058824,0.043137256,0.05490196,0.03137255,0.011764706,0.039215688,0.07450981,0.09411765,0.09019608,0.09019608,0.08235294,0.07058824,0.043137256,0.05882353,0.14117648,0.25882354,0.27058825,0.3019608,0.2901961,0.2784314,0.32941177,0.37254903,0.19607843,0.105882354,0.015686275,0.003921569,0.003921569,0.011764706,0.019607844,0.015686275,0.02745098,0.015686275,0.007843138,0.019607844,0.08627451,0.12941177,0.10980392,0.078431375,0.09803922,0.14901961,0.1254902,0.07450981,0.09019608,0.19215687,0.21568628,0.26666668,0.28627452,0.25490198,0.3254902,0.4117647,0.039215688,0.023529412,0.019607844,0.03529412,0.05490196,0.047058824,0.03529412,0.011764706,0.011764706,0.003921569,0.007843138,0.019607844,0.05490196,0.039215688,0.015686275,0.015686275,0.05490196,0.18039216,0.11764706,0.039215688,0.06666667,0.16470589,0.19215687,0.24313726,0.22352941,0.21176471,0.24313726,0.2509804,0.03137255,0.050980393,0.05490196,0.08235294,0.09803922,0.047058824,0.023529412,0.03529412,0.047058824,0.015686275,0.003921569,0.011764706,0.019607844,0.03137255,0.043137256,0.023529412,0.07450981,0.15686275,0.07058824,0.03137255,0.05490196,0.14901961,0.19215687,0.20392157,0.21176471,0.24313726,0.19607843,0.18039216,0.09019608,0.08235294,0.050980393,0.047058824,0.0627451,0.043137256,0.05882353,0.03137255,0.015686275,0.015686275,0.011764706,0.02745098,0.039215688,0.07450981,0.08235294,0.05882353,0.09019608,0.16078432,0.07450981,0.05882353,0.07058824,0.11764706,0.16862746,0.19607843,0.2509804,0.28235295,0.16470589,0.12941177,0.09411765,0.08235294,0.101960786,0.1254902,0.11372549,0.10980392,0.078431375,0.03137255,0.007843138,0.015686275,0.007843138,0.003921569,0.007843138,0.011764706,0.043137256,0.05882353,0.11372549,0.11764706,0.08627451,0.10980392,0.11764706,0.13725491,0.21960784,0.30588236,0.39215687,0.29803923,0.22745098,0.21960784,0.07450981,0.07058824,0.07058824,0.06666667,0.039215688,0.019607844,0.007843138,0.015686275,0.015686275,0.007843138,0.003921569,0.007843138,0.011764706,0.019607844,0.047058824,0.078431375,0.11764706,0.09803922,0.08235294,0.10980392,0.15294118,0.22745098,0.31764707,0.39607844,0.39607844,0.34901962,0.33333334,0.3764706,0.17254902,0.14117648,0.08235294,0.043137256,0.02745098,0.03137255,0.03137255,0.05490196,0.03529412,0.019607844,0.03137255,0.0627451,0.1254902,0.15686275,0.1882353,0.18431373,0.10980392,0.078431375,0.08235294,0.09803922,0.13725491,0.19607843,0.22352941,0.26666668,0.36862746,0.42745098,0.3529412,0.30588236,0.11372549,0.101960786,0.08627451,0.09803922,0.11764706,0.08627451,0.05490196,0.047058824,0.043137256,0.050980393,0.06666667,0.105882354,0.13333334,0.10980392,0.09803922,0.101960786,0.13725491,0.18039216,0.15294118,0.15294118,0.16078432,0.24313726,0.3019608,0.3647059,0.34509805,0.29803923,0.23529412,0.20392157,0.09019608,0.078431375,0.078431375,0.12156863,0.19215687,0.15686275,0.09803922,0.08627451,0.11764706,0.1764706,0.2,0.23137255,0.29803923,0.3254902,0.3372549,0.32941177,0.33333334,0.34901962,0.29803923,0.23137255,0.21176471,0.28235295,0.3529412,0.32156864,0.26666668,0.22745098,0.19215687,0.16862746,0.101960786,0.09803922,0.09803922,0.14117648,0.14117648,0.11764706,0.11372549,0.13333334,0.1254902,0.14901961,0.18039216,0.21176471,0.28235295,0.29411766,0.2784314,0.23137255,0.16862746,0.16078432,0.16470589,0.15294118,0.14509805,0.16862746,0.19215687,0.19215687,0.19215687,0.16862746,0.14901961,0.13725491,0.105882354,0.105882354,0.09803922,0.10980392,0.1254902,0.12156863,0.12941177,0.16078432,0.14509805,0.12941177,0.15686275,0.20784314,0.2509804,0.28235295,0.28235295,0.21960784,0.15686275,0.13333334,0.11764706,0.11372549,0.12156863,0.14509805,0.16862746,0.1764706,0.17254902,0.14901961,0.14117648,0.13725491,0.105882354,0.105882354,0.101960786,0.105882354,0.11764706,0.1254902,0.12941177,0.1254902,0.12156863,0.14117648,0.1882353,0.20784314,0.1764706,0.15686275,0.17254902,0.18431373,0.14509805,0.12941177,0.12941177,0.13725491,0.14117648,0.15294118,0.16078432,0.1764706,0.18431373,0.19215687,0.17254902,0.16078432,0.10980392,0.11372549,0.10980392,0.10980392,0.10980392,0.11764706,0.12156863,0.11372549,0.1254902,0.14117648,0.17254902,0.19607843,0.23137255,0.25490198,0.23921569,0.22352941,0.15686275,0.14509805,0.14509805,0.16078432,0.16862746,0.16470589,0.16862746,0.1764706,0.18039216,0.1764706,0.16862746,0.18039216,0.11372549,0.10980392,0.10980392,0.11764706,0.11372549,0.10980392,0.11372549,0.12941177,0.14117648,0.14117648,0.14901961,0.15686275,0.2,0.21568628,0.2,0.19215687,0.16470589,0.15686275,0.14117648,0.14117648,0.14117648,0.13333334,0.13725491,0.14117648,0.16862746,0.20392157,0.21176471,0.24313726,0.11764706,0.11372549,0.10980392,0.11764706,0.11764706,0.11764706,0.12156863,0.12941177,0.12941177,0.1254902,0.1254902,0.15294118,0.21568628,0.19215687,0.18431373,0.17254902,0.16078432,0.14901961,0.13725491,0.12941177,0.1254902,0.1254902,0.1254902,0.12941177,0.15686275,0.20392157,0.19607843,0.16470589,0.12156863,0.12156863,0.11764706,0.13333334,0.12941177,0.11764706,0.11372549,0.10980392,0.10980392,0.11764706,0.11764706,0.1254902,0.13333334,0.12941177,0.12156863,0.1254902,0.13333334,0.13725491,0.14509805,0.13725491,0.12941177,0.13725491,0.14117648,0.14901961,0.16078432,0.19607843,0.20392157,0.21568628
1,0.69803923,0.6901961,0.68235296,0.6901961,0.67058825,0.6745098,0.7019608,0.6627451,0.654902,0.68235296,0.6784314,0.63529414,0.6313726,0.62352943,0.67058825,0.69411767,0.65882355,0.63529414,0.6431373,0.61960787,0.62352943,0.63529414,0.6745098,0.7058824,0.6862745,0.72156864,0.72156864,0.68235296,0.48235294,0.49019608,0.47058824,0.5058824,0.5019608,0.48235294,0.50980395,0.4745098,0.45882353,0.48235294,0.48235294,0.45490196,0.47058824,0.48235294,0.5058824,0.5176471,0.5176471,0.4862745,0.49019608,0.5411765,0.5764706,0.5764706,0.5529412,0.50980395,0.5254902,0.5803922,0.5019608,0.4745098,0.4745098,0.43529412,0.40784314,0.43529412,0.44313726,0.45490196,0.43137255,0.40784314,0.39215687,0.41960785,0.40784314,0.44313726,0.4509804,0.4509804,0.48235294,0.5686275,0.5568628,0.5372549,0.5764706,0.5921569,0.54509807,0.5529412,0.50980395,0.4627451,0.4627451,0.45490196,0.4627451,0.4745098,0.5176471,0.43529412,0.41568628,0.44705883,0.48235294,0.4745098,0.45490196,0.44705883,0.4627451,0.4627451,0.4392157,0.44705883,0.46666667,0.50980395,0.5411765,0.5921569,0.61960787,0.5372549,0.47843137,0.44705883,0.4392157,0.45882353,0.41568628,0.41960785,0.44705883,0.49411765,0.54901963,0.6156863,0.5254902,0.44705883,0.47058824,0.4745098,0.49803922,0.5019608,0.5137255,0.5019608,0.5176471,0.49019608,0.47058824,0.4627451,0.49411765,0.5058824,0.44313726,0.37254903,0.39215687,0.34509805,0.37254903,0.44313726,0.42352942,0.38431373,0.39215687,0.48235294,0.49411765,0.53333336,0.5921569,0.5882353,0.5882353,0.54901963,0.5568628,0.54901963,0.54901963,0.54901963,0.5411765,0.5176471,0.54901963,0.5294118,0.47843137,0.5137255,0.45490196,0.41568628,0.38039216,0.32941177,0.29411766,0.23529412,0.2509804,0.47058824,0.48235294,0.4509804,0.45490196,0.5137255,0.58431375,0.68235296,0.6901961,0.5764706,0.627451,0.6117647,0.58431375,0.5647059,0.69411767,0.7137255,0.70980394,0.7176471,0.6627451,0.63529414,0.6,0.60784316,0.35686275,0.3882353,0.36078432,0.30980393,0.2784314,0.21568628,0.19607843,0.44705883,0.56078434,0.59607846,0.60784316,0.6117647,0.60784316,0.6627451,0.69803923,0.5882353,0.80784315,0.77254903,0.7137255,0.5803922,0.5647059,0.63529414,0.7137255,0.72156864,0.7921569,0.78431374,0.78431374,0.7176471,0.49803922,0.39215687,0.37254903,0.3647059,0.42745098,0.2627451,0.25490198,0.3882353,0.60784316,0.7254902,0.68235296,0.5921569,0.5921569,0.5568628,0.5764706,0.61960787,0.7764706,0.7764706,0.8039216,0.7411765,0.68235296,0.73333335,0.7764706,0.7529412,0.81960785,0.85882354,0.85882354,0.78431374,0.72156864,0.69803923,0.654902,0.61960787,0.54509807,0.42352942,0.36078432,0.34509805,0.53333336,0.6627451,0.5764706,0.5137255,0.54901963,0.56078434,0.4862745,0.5058824,0.6431373,0.6431373,0.63529414,0.5529412,0.5294118,0.5411765,0.52156866,0.5411765,0.6431373,0.73333335,0.7529412,0.69803923,0.68235296,0.69411767,0.627451,0.57254905,0.48235294,0.43529412,0.3647059,0.28235295,0.44705883,0.5294118,0.46666667,0.4627451,0.43529412,0.49019608,0.4392157,0.4392157,0.5568628,0.6039216,0.5647059,0.47058824,0.45882353,0.5254902,0.47058824,0.4392157,0.49411765,0.5647059,0.5882353,0.5529412,0.53333336,0.5294118,0.42745098,0.45882353,0.5176471,0.46666667,0.31764707,0.24705882,0.3529412,0.4117647,0.40784314,0.3764706,0.3254902,0.30980393,0.32941177,0.35686275,0.43529412,0.48235294,0.5372549,0.5176471,0.54901963,0.52156866,0.5137255,0.5529412,0.58431375,0.6117647,0.60784316,0.5294118,0.5176471,0.50980395,0.40392157,0.27450982,0.2901961,0.23137255,0.16470589,0.16470589,0.26666668,0.3647059,0.38039216,0.35686275,0.3254902,0.3137255,0.29411766,0.23529412,0.41568628,0.42745098,0.48235294,0.47843137,0.50980395,0.5058824,0.5568628,0.6039216,0.62352943,0.6392157,0.6392157,0.53333336,0.48235294,0.44705883,0.37254903,0.27058825,0.21960784,0.16078432,0.1254902,0.12941177,0.19607843,0.23921569,0.2627451,0.2509804,0.25490198,0.23921569,0.19215687,0.15686275,0.42745098,0.40784314,0.41568628,0.49411765,0.6392157,0.6745098,0.63529414,0.654902,0.627451,0.5529412,0.48235294,0.44313726,0.36078432,0.30588236,0.27058825,0.28627452,0.22745098,0.16470589,0.14117648,0.12941177,0.15686275,0.19607843,0.23529412,0.20784314,0.19215687,0.15686275,0.13725491,0.105882354,0.59607846,0.52156866,0.5019608,0.5372549,0.6,0.59607846,0.65882355,0.7411765,0.7529412,0.7529412,0.7058824,0.6901961,0.6313726,0.49019608,0.3254902,0.20784314,0.09019608,0.06666667,0.08235294,0.10980392,0.13725491,0.16078432,0.18431373,0.19215687,0.20392157,0.19607843,0.18431373,0.11372549,0.5764706,0.6156863,0.6039216,0.5294118,0.4117647,0.40392157,0.44313726,0.49019608,0.5254902,0.54901963,0.5176471,0.49411765,0.4117647,0.36078432,0.34117648,0.23529412,0.1254902,0.0627451,0.05490196,0.078431375,0.101960786,0.12941177,0.15294118,0.21568628,0.23137255,0.1882353,0.14117648,0.08627451,0.47058824,0.47843137,0.54509807,0.4862745,0.33333334,0.31764707,0.32941177,0.3764706,0.42745098,0.45882353,0.4745098,0.45882353,0.34117648,0.24705882,0.2509804,0.23921569,0.2,0.14117648,0.08627451,0.08627451,0.11764706,0.12156863,0.11372549,0.13333334,0.12156863,0.09803922,0.08627451,0.06666667,0.2784314,0.29411766,0.33333334,0.27450982,0.2509804,0.25882354,0.28235295,0.2901961,0.32941177,0.34509805,0.3372549,0.32156864,0.25490198,0.22352941,0.31764707,0.39215687,0.3372549,0.2509804,0.15294118,0.11372549,0.13333334,0.11372549,0.11372549,0.12156863,0.105882354,0.06666667,0.05490196,0.039215688,0.21568628,0.21568628,0.21176471,0.18039216,0.18431373,0.21960784,0.23137255,0.24313726,0.27450982,0.3019608,0.30588236,0.2784314,0.22352941,0.1764706,0.21960784,0.28627452,0.30588236,0.3372549,0.26666668,0.15294118,0.09803922,0.078431375,0.078431375,0.078431375,0.07058824,0.05490196,0.03529412,0.02745098,0.16078432,0.15686275,0.15294118,0.14117648,0.16078432,0.21568628,0.23921569,0.22745098,0.26666668,0.29803923,0.27058825,0.23529412,0.18039216,0.12941177,0.1254902,0.15686275,0.16862746,0.18431373,0.21176471,0.24313726,0.21960784,0.16862746,0.11764706,0.09019608,0.07058824,0.050980393,0.039215688,0.03529412,0.1254902,0.11764706,0.11372549,0.11764706,0.1254902,0.14901961,0.16862746,0.1764706,0.21176471,0.24705882,0.24313726,0.22745098,0.16078432,0.09803922,0.07450981,0.08627451,0.08627451,0.09019608,0.09019608,0.11372549,0.14901961,0.1764706,0.16862746,0.13333334,0.11372549,0.15294118,0.13725491,0.12941177,0.11372549,0.09803922,0.08627451,0.09411765,0.1254902,0.14509805,0.16078432,0.14901961,0.1764706,0.19215687,0.19215687,0.15686275,0.10980392,0.06666667,0.05882353,0.0627451,0.05882353,0.043137256,0.03529412,0.047058824,0.07058824,0.078431375,0.105882354,0.11764706,0.13333334,0.16078432,0.13725491,0.11372549,0.08235294,0.078431375,0.0627451,0.06666667,0.09411765,0.10980392,0.12156863,0.1254902,0.14509805,0.16470589,0.15686275,0.13333334,0.06666667,0.050980393,0.047058824,0.07058824,0.07058824,0.050980393,0.03137255,0.03137255,0.050980393,0.07058824,0.08627451,0.1254902,0.16862746,0.15294118,0.12156863,0.09803922,0.07058824,0.06666667,0.06666667,0.07058824,0.09803922,0.105882354,0.105882354,0.12156863,0.12941177,0.16470589,0.15686275,0.11372549,0.06666667,0.050980393,0.05882353,0.06666667,0.07058824,0.050980393,0.02745098,0.03137255,0.047058824,0.0627451,0.08235294,0.09411765,0.10980392,0.101960786,0.07450981,0.05882353,0.05882353,0.05490196,0.0627451,0.0627451,0.06666667,0.078431375,0.078431375,0.105882354,0.1254902,0.14509805,0.16078432,0.14901961,0.07058824,0.039215688,0.047058824,0.05882353,0.0627451,0.043137256,0.03137255,0.02745098,0.043137256,0.05882353,0.05882353,0.05882353,0.07058824,0.07058824,0.05882353,0.05490196,0.050980393,0.050980393,0.05490196,0.05490196,0.05882353,0.05882353,0.05882353,0.0627451,0.07058824,0.09411765,0.09019608,0.078431375,0.047058824,0.039215688,0.043137256,0.05490196,0.05882353,0.039215688,0.03529412,0.03137255,0.039215688,0.047058824,0.043137256,0.047058824,0.05490196,0.05490196,0.050980393,0.050980393,0.047058824,0.047058824,0.047058824,0.050980393,0.050980393,0.05490196,0.05490196,0.07058824,0.06666667,0.08235294,0.09019608,0.07450981,0.047058824,0.03529412,0.03529412,0.039215688,0.043137256,0.039215688,0.03529412,0.03137255,0.03529412,0.03137255,0.03137255,0.043137256,0.047058824,0.050980393,0.039215688,0.043137256,0.043137256,0.039215688,0.043137256,0.047058824,0.05882353,0.05882353,0.05490196,0.07058824,0.08235294,0.07058824,0.08235294,0.07450981,0.039215688,0.023529412,0.023529412,0.03137255,0.03529412,0.03137255,0.03137255,0.02745098,0.03137255,0.02745098,0.03137255,0.03529412,0.03529412,0.043137256,0.047058824,0.050980393
1,0.5176471,0.5137255,0.5176471,0.5176471,0.53333336,0.5568628,0.5882353,0.6039216,0.627451,0.6431373,0.64705884,0.627451,0.6431373,0.654902,0.6313726,0.63529414,0.6313726,0.6039216,0.6392157,0.6039216,0.6,0.6313726,0.63529414,0.6,0.6,0.6313726,0.62352943,0.627451,0.3254902,0.35686275,0.36078432,0.32156864,0.31764707,0.32156864,0.34901962,0.40784314,0.49019608,0.50980395,0.49411765,0.49019608,0.52156866,0.48235294,0.41960785,0.4392157,0.44705883,0.4509804,0.49803922,0.45490196,0.49803922,0.52156866,0.5019608,0.53333336,0.5411765,0.49019608,0.4509804,0.43529412,0.32941177,0.3137255,0.34901962,0.41568628,0.41568628,0.38431373,0.36078432,0.36862746,0.41960785,0.38431373,0.3372549,0.3647059,0.44705883,0.41960785,0.35686275,0.3372549,0.3019608,0.33333334,0.48235294,0.5137255,0.49803922,0.5137255,0.5294118,0.5411765,0.5058824,0.49411765,0.50980395,0.5019608,0.3254902,0.3019608,0.36078432,0.4509804,0.42352942,0.29411766,0.35686275,0.37254903,0.40392157,0.4509804,0.44313726,0.4392157,0.3882353,0.32941177,0.28235295,0.2784314,0.25490198,0.28235295,0.3647059,0.43137255,0.4627451,0.5254902,0.44705883,0.41568628,0.46666667,0.5058824,0.54509807,0.5764706,0.29411766,0.28627452,0.34117648,0.3647059,0.34117648,0.31764707,0.28235295,0.28627452,0.31764707,0.41568628,0.42745098,0.45882353,0.43529412,0.41960785,0.3372549,0.29803923,0.28235295,0.29803923,0.3372549,0.36862746,0.44313726,0.47843137,0.4745098,0.46666667,0.5254902,0.52156866,0.5254902,0.5058824,0.31764707,0.30588236,0.30588236,0.24313726,0.20784314,0.25490198,0.2784314,0.25882354,0.3019608,0.35686275,0.40392157,0.39215687,0.4,0.44313726,0.4392157,0.39607844,0.34117648,0.32156864,0.39215687,0.43137255,0.42745098,0.47843137,0.53333336,0.5254902,0.5019608,0.4392157,0.48235294,0.5254902,0.3529412,0.3529412,0.33333334,0.27058825,0.2,0.22352941,0.32941177,0.35686275,0.3882353,0.42352942,0.54509807,0.5529412,0.5294118,0.5568628,0.5686275,0.5921569,0.5137255,0.43529412,0.4745098,0.5058824,0.5137255,0.4117647,0.4117647,0.42745098,0.4745098,0.5019608,0.5176471,0.5019608,0.35686275,0.39215687,0.47058824,0.42745098,0.32156864,0.28627452,0.40392157,0.5176471,0.5529412,0.4862745,0.49803922,0.5294118,0.47843137,0.4,0.3647059,0.3764706,0.34901962,0.33333334,0.39215687,0.42352942,0.3764706,0.33333334,0.4117647,0.48235294,0.5254902,0.58431375,0.61960787,0.627451,0.42352942,0.45490196,0.5764706,0.54509807,0.44705883,0.39215687,0.4392157,0.4862745,0.4745098,0.45882353,0.46666667,0.49411765,0.49019608,0.44705883,0.39215687,0.34509805,0.32941177,0.3647059,0.40392157,0.46666667,0.48235294,0.46666667,0.5019608,0.5058824,0.44705883,0.47058824,0.4745098,0.5019608,0.42745098,0.45490196,0.4862745,0.43137255,0.40784314,0.46666667,0.5019608,0.54509807,0.57254905,0.6,0.6627451,0.72156864,0.7137255,0.67058825,0.54901963,0.47843137,0.47058824,0.49019608,0.52156866,0.56078434,0.5568628,0.49803922,0.5294118,0.54509807,0.5294118,0.53333336,0.52156866,0.53333336,0.6,0.5882353,0.52156866,0.54509807,0.5294118,0.5294118,0.5529412,0.5568628,0.54509807,0.52156866,0.54901963,0.61960787,0.654902,0.627451,0.54509807,0.5294118,0.53333336,0.5803922,0.6392157,0.68235296,0.6784314,0.59607846,0.57254905,0.59607846,0.56078434,0.5294118,0.54901963,0.6,0.4392157,0.56078434,0.5921569,0.54901963,0.43529412,0.3882353,0.42352942,0.4509804,0.44705883,0.49411765,0.53333336,0.53333336,0.53333336,0.48235294,0.44705883,0.42745098,0.4627451,0.49803922,0.6156863,0.7176471,0.7411765,0.6862745,0.6901961,0.72156864,0.7019608,0.654902,0.68235296,0.70980394,0.42352942,0.5019608,0.5294118,0.4745098,0.45882353,0.46666667,0.4745098,0.4862745,0.5647059,0.63529414,0.69803923,0.6431373,0.5411765,0.50980395,0.5254902,0.59607846,0.6039216,0.58431375,0.60784316,0.6156863,0.6156863,0.5803922,0.5764706,0.6117647,0.60784316,0.58431375,0.6039216,0.627451,0.43137255,0.4509804,0.43137255,0.49803922,0.6117647,0.63529414,0.57254905,0.49019608,0.41568628,0.53333336,0.6666667,0.7019608,0.7490196,0.7058824,0.654902,0.6431373,0.6117647,0.60784316,0.6156863,0.56078434,0.47843137,0.43529412,0.43529412,0.47058824,0.47843137,0.45490196,0.49019608,0.5568628,0.4745098,0.52156866,0.54509807,0.5647059,0.5647059,0.4627451,0.4,0.35686275,0.39215687,0.5294118,0.7607843,0.8,0.7137255,0.6627451,0.654902,0.6156863,0.5803922,0.5647059,0.5254902,0.49803922,0.45490196,0.36078432,0.34509805,0.3647059,0.3882353,0.4392157,0.54509807,0.627451,0.44313726,0.4,0.4,0.42745098,0.43529412,0.47058824,0.4862745,0.42352942,0.43137255,0.5411765,0.7254902,0.68235296,0.6431373,0.5803922,0.56078434,0.6,0.6156863,0.5764706,0.52156866,0.43529412,0.36078432,0.3137255,0.37254903,0.3882353,0.4117647,0.52156866,0.5568628,0.5686275,0.3137255,0.36862746,0.42745098,0.4392157,0.45490196,0.56078434,0.5764706,0.45882353,0.37254903,0.40784314,0.50980395,0.54509807,0.52156866,0.5019608,0.5176471,0.54901963,0.5254902,0.44705883,0.3882353,0.30588236,0.28627452,0.30588236,0.36078432,0.43137255,0.5254902,0.6,0.6745098,0.6627451,0.2,0.2627451,0.32941177,0.39215687,0.40392157,0.44705883,0.46666667,0.42352942,0.3019608,0.26666668,0.34509805,0.37254903,0.4117647,0.43137255,0.41568628,0.39215687,0.36862746,0.34901962,0.30588236,0.28235295,0.30980393,0.33333334,0.4,0.4745098,0.5137255,0.5568628,0.5137255,0.5254902,0.29803923,0.31764707,0.36078432,0.37254903,0.4,0.41960785,0.3764706,0.32941177,0.28235295,0.25882354,0.29411766,0.28627452,0.28235295,0.30588236,0.3019608,0.28235295,0.27058825,0.30588236,0.30980393,0.3019608,0.3372549,0.38431373,0.42745098,0.47058824,0.5176471,0.5411765,0.54901963,0.5294118,0.29803923,0.34509805,0.38039216,0.37254903,0.33333334,0.34901962,0.36862746,0.3254902,0.2509804,0.21960784,0.23137255,0.24705882,0.29411766,0.33333334,0.36862746,0.39215687,0.3882353,0.39607844,0.4,0.34901962,0.30588236,0.2901961,0.30980393,0.30980393,0.2901961,0.3254902,0.33333334,0.3254902,0.23529412,0.25882354,0.31764707,0.30588236,0.26666668,0.28235295,0.3137255,0.2901961,0.2509804,0.22352941,0.23921569,0.32941177,0.42745098,0.4509804,0.4117647,0.3882353,0.36862746,0.34509805,0.32156864,0.25882354,0.20784314,0.19607843,0.1882353,0.19607843,0.19215687,0.2,0.21176471,0.24313726,0.21568628,0.22352941,0.28235295,0.29411766,0.2901961,0.24313726,0.23137255,0.23529412,0.23921569,0.25490198,0.2509804,0.28627452,0.31764707,0.34901962,0.29411766,0.26666668,0.27450982,0.24705882,0.21176471,0.1882353,0.16862746,0.14901961,0.1764706,0.2,0.18039216,0.20392157,0.2509804,0.23921569,0.21960784,0.2627451,0.26666668,0.21568628,0.19215687,0.20392157,0.22745098,0.23921569,0.22352941,0.22745098,0.21568628,0.23529412,0.2627451,0.2784314,0.25490198,0.23137255,0.21568628,0.21568628,0.19215687,0.16470589,0.14509805,0.13725491,0.18039216,0.1882353,0.17254902,0.18039216,0.20784314,0.20392157,0.14901961,0.20784314,0.24313726,0.21176471,0.18431373,0.21568628,0.2627451,0.25882354,0.23921569,0.23137255,0.23529412,0.3019608,0.36078432,0.3647059,0.35686275,0.3254902,0.27058825,0.23921569,0.1882353,0.15686275,0.16078432,0.15294118,0.15294118,0.15686275,0.15294118,0.15686275,0.14901961,0.14117648,0.17254902,0.19607843,0.20784314,0.22352941,0.26666668,0.33333334,0.40392157,0.42352942,0.3882353,0.36078432,0.30588236,0.31764707,0.34117648,0.34117648,0.36078432,0.3372549,0.29411766,0.2784314,0.22352941,0.15686275,0.13725491,0.14509805,0.16470589,0.18039216,0.19215687,0.16470589,0.13725491,0.1254902,0.24313726,0.27058825,0.32156864,0.38039216,0.4,0.39215687,0.38039216,0.36078432,0.3019608,0.25490198,0.22352941,0.2,0.20392157,0.20784314,0.20784314,0.20784314,0.21176471,0.23529412,0.23137255,0.21176471,0.18431373,0.16078432,0.2,0.2,0.16078432,0.14117648,0.13333334,0.12156863,0.23137255,0.27450982,0.28627452,0.32941177,0.33333334,0.29803923,0.26666668,0.25490198,0.20784314,0.18431373,0.16470589,0.15686275,0.15686275,0.14117648,0.14117648,0.13333334,0.1254902,0.12941177,0.14117648,0.14901961,0.15686275,0.15294118,0.15294118,0.1764706,0.2,0.2,0.16470589,0.13333334,0.23921569,0.25490198,0.24313726,0.24705882,0.25882354,0.21960784,0.1882353,0.18431373,0.15294118,0.13333334,0.12156863,0.1254902,0.11764706,0.105882354,0.09803922,0.09803922,0.08627451,0.08235294,0.08235294,0.09019608,0.11764706,0.16862746,0.1882353,0.16470589,0.17254902,0.2,0.17254902,0.14901961
0,0.52156866,0.5176471,0.50980395,0.47843137,0.5137255,0.5294118,0.5019608,0.5176471,0.54509807,0.5019608,0.5176471,0.5058824,0.5254902,0.5372549,0.54509807,0.5921569,0.5764706,0.53333336,0.52156866,0.52156866,0.48235294,0.49019608,0.5568628,0.5411765,0.5137255,0.54901963,0.54901963,0.5294118,0.4392157,0.45490196,0.45490196,0.44313726,0.49019608,0.49019608,0.46666667,0.44313726,0.44313726,0.40784314,0.40784314,0.38431373,0.4117647,0.3882353,0.41960785,0.4627451,0.44313726,0.42745098,0.4,0.42745098,0.4509804,0.38039216,0.3764706,0.38039216,0.38039216,0.45490196,0.49019608,0.5372549,0.32156864,0.34117648,0.3647059,0.3882353,0.4117647,0.36862746,0.36862746,0.34901962,0.39607844,0.38039216,0.38431373,0.39607844,0.40784314,0.41960785,0.38431373,0.38431373,0.38431373,0.3764706,0.38431373,0.4392157,0.48235294,0.44705883,0.43529412,0.41960785,0.41960785,0.41568628,0.38431373,0.40392157,0.36078432,0.3372549,0.3647059,0.34901962,0.3647059,0.40784314,0.37254903,0.3372549,0.38039216,0.3882353,0.38039216,0.40392157,0.47843137,0.5411765,0.5137255,0.49803922,0.5058824,0.5686275,0.627451,0.5686275,0.5058824,0.5529412,0.5882353,0.58431375,0.53333336,0.49803922,0.45882353,0.47058824,0.42352942,0.39215687,0.41568628,0.40784314,0.4117647,0.43529412,0.43137255,0.40784314,0.5019608,0.57254905,0.5921569,0.6392157,0.65882355,0.6784314,0.72156864,0.74509805,0.7372549,0.68235296,0.60784316,0.49803922,0.41960785,0.4627451,0.54901963,0.6156863,0.6039216,0.54901963,0.49803922,0.5176471,0.49411765,0.5019608,0.5294118,0.5647059,0.5529412,0.5647059,0.61960787,0.5372549,0.49803922,0.5686275,0.54901963,0.5686275,0.69411767,0.7058824,0.68235296,0.67058825,0.54901963,0.5137255,0.45490196,0.42745098,0.35686275,0.37254903,0.41960785,0.5568628,0.49803922,0.5137255,0.49019608,0.5176471,0.41960785,0.38431373,0.40392157,0.5019608,0.59607846,0.6745098,0.6039216,0.42352942,0.45882353,0.5764706,0.5803922,0.5686275,0.6,0.6,0.60784316,0.6,0.5764706,0.5529412,0.47843137,0.43529412,0.3529412,0.34901962,0.43137255,0.56078434,0.5686275,0.5686275,0.5647059,0.6666667,0.34117648,0.38431373,0.42745098,0.46666667,0.6431373,0.6509804,0.50980395,0.4627451,0.5137255,0.6,0.654902,0.62352943,0.5764706,0.5921569,0.64705884,0.63529414,0.6509804,0.7058824,0.7294118,0.6627451,0.5803922,0.5294118,0.56078434,0.627451,0.75686276,0.7882353,0.7019608,0.61960787,0.40392157,0.4392157,0.43529412,0.47843137,0.5803922,0.5529412,0.49803922,0.49803922,0.52156866,0.60784316,0.64705884,0.54509807,0.42745098,0.39607844,0.48235294,0.5372549,0.5529412,0.627451,0.7058824,0.6509804,0.5921569,0.5647059,0.5568628,0.5568628,0.6627451,0.7176471,0.7176471,0.6313726,0.53333336,0.45490196,0.43137255,0.4627451,0.58431375,0.5764706,0.5372549,0.6627451,0.6784314,0.57254905,0.5176471,0.4117647,0.28627452,0.25490198,0.3137255,0.4117647,0.49411765,0.56078434,0.58431375,0.5294118,0.5058824,0.5058824,0.5058824,0.5058824,0.627451,0.6431373,0.654902,0.5882353,0.5568628,0.5921569,0.57254905,0.6,0.6156863,0.57254905,0.54509807,0.6627451,0.6117647,0.48235294,0.43137255,0.28627452,0.21176471,0.2,0.23529412,0.3019608,0.3882353,0.47058824,0.49803922,0.4745098,0.47843137,0.46666667,0.4509804,0.4627451,0.59607846,0.6156863,0.53333336,0.46666667,0.49411765,0.62352943,0.6901961,0.6509804,0.58431375,0.6117647,0.6666667,0.5882353,0.49803922,0.3882353,0.3019608,0.22352941,0.1882353,0.18039216,0.21176471,0.25882354,0.30588236,0.36078432,0.4,0.39215687,0.3882353,0.37254903,0.36078432,0.3764706,0.43529412,0.45490196,0.44705883,0.40784314,0.3647059,0.49803922,0.627451,0.627451,0.52156866,0.5411765,0.53333336,0.48235294,0.3882353,0.2901961,0.21568628,0.17254902,0.15294118,0.16470589,0.19607843,0.24313726,0.2784314,0.3137255,0.34509805,0.34117648,0.3647059,0.3529412,0.3137255,0.29411766,0.3254902,0.3647059,0.36862746,0.34117648,0.2901961,0.36862746,0.49411765,0.5137255,0.46666667,0.49019608,0.44313726,0.41960785,0.36078432,0.23921569,0.16862746,0.13333334,0.13333334,0.15294118,0.20784314,0.2509804,0.29411766,0.34901962,0.38431373,0.36862746,0.34509805,0.32156864,0.30980393,0.33333334,0.3647059,0.45882353,0.5058824,0.48235294,0.25882354,0.3254902,0.38039216,0.39607844,0.37254903,0.38039216,0.38431373,0.34901962,0.28627452,0.18431373,0.12941177,0.11372549,0.11764706,0.15294118,0.1882353,0.20784314,0.2627451,0.32941177,0.3764706,0.3647059,0.3882353,0.3882353,0.39215687,0.3882353,0.40784314,0.4745098,0.5411765,0.47843137,0.23921569,0.27058825,0.2901961,0.30588236,0.34117648,0.37254903,0.3882353,0.33333334,0.22745098,0.15686275,0.101960786,0.08235294,0.08627451,0.10980392,0.13333334,0.15294118,0.2,0.2784314,0.32941177,0.2901961,0.30588236,0.3372549,0.3529412,0.36078432,0.37254903,0.41568628,0.4745098,0.45490196,0.24313726,0.23529412,0.24313726,0.25882354,0.29411766,0.3137255,0.32941177,0.29803923,0.21568628,0.1254902,0.07058824,0.050980393,0.05882353,0.07450981,0.08627451,0.101960786,0.1254902,0.16862746,0.2,0.20784314,0.22352941,0.24705882,0.2784314,0.3137255,0.31764707,0.3529412,0.39215687,0.3764706,0.3137255,0.29803923,0.27450982,0.2509804,0.23529412,0.27058825,0.31764707,0.29411766,0.23137255,0.1254902,0.07058824,0.047058824,0.039215688,0.039215688,0.050980393,0.05882353,0.101960786,0.13333334,0.18431373,0.20392157,0.20784314,0.24705882,0.25882354,0.27450982,0.27058825,0.29803923,0.30980393,0.2901961,0.33333334,0.3647059,0.39215687,0.4,0.3372549,0.3372549,0.31764707,0.25882354,0.17254902,0.09803922,0.05882353,0.050980393,0.050980393,0.050980393,0.05490196,0.05490196,0.06666667,0.08627451,0.14509805,0.18039216,0.21960784,0.23529412,0.21176471,0.20392157,0.22352941,0.2627451,0.2784314,0.2627451,0.32941177,0.3529412,0.40392157,0.43137255,0.4,0.4,0.3764706,0.3137255,0.22745098,0.14509805,0.08627451,0.06666667,0.078431375,0.09019608,0.09411765,0.09803922,0.09411765,0.105882354,0.13333334,0.15294118,0.16470589,0.16470589,0.16862746,0.1882353,0.22745098,0.27058825,0.28627452,0.26666668,0.34117648,0.34901962,0.35686275,0.33333334,0.32156864,0.32156864,0.29411766,0.25882354,0.18431373,0.10980392,0.07450981,0.05490196,0.0627451,0.06666667,0.06666667,0.0627451,0.078431375,0.09803922,0.1254902,0.14901961,0.17254902,0.18039216,0.17254902,0.1764706,0.1882353,0.24705882,0.27058825,0.22352941,0.2784314,0.30588236,0.36078432,0.38431373,0.34901962,0.30980393,0.30980393,0.29803923,0.22352941,0.12941177,0.08235294,0.06666667,0.06666667,0.07058824,0.07058824,0.0627451,0.06666667,0.09803922,0.11372549,0.10980392,0.12941177,0.14509805,0.12941177,0.11764706,0.12156863,0.14117648,0.15686275,0.14901961,0.34901962,0.3529412,0.3647059,0.34901962,0.32941177,0.3019608,0.29411766,0.26666668,0.1882353,0.105882354,0.06666667,0.047058824,0.047058824,0.047058824,0.047058824,0.050980393,0.05882353,0.078431375,0.08627451,0.078431375,0.08235294,0.078431375,0.078431375,0.08235294,0.08627451,0.09803922,0.10980392,0.10980392,0.18431373,0.18431373,0.18431373,0.19215687,0.1882353,0.18431373,0.16470589,0.14117648,0.11372549,0.07450981,0.05490196,0.050980393,0.050980393,0.05490196,0.05882353,0.050980393,0.047058824,0.050980393,0.05882353,0.06666667,0.0627451,0.06666667,0.07058824,0.07450981,0.09019608,0.09803922,0.101960786,0.101960786,0.15686275,0.16470589,0.18039216,0.1764706,0.15686275,0.13333334,0.1254902,0.1254902,0.11372549,0.08627451,0.07058824,0.07058824,0.07058824,0.078431375,0.078431375,0.07058824,0.06666667,0.0627451,0.0627451,0.0627451,0.06666667,0.07058824,0.07058824,0.07450981,0.078431375,0.08235294,0.08235294,0.08235294,0.11764706,0.14117648,0.15686275,0.15686275,0.15686275,0.15294118,0.15686275,0.14117648,0.11372549,0.09019608,0.07450981,0.0627451,0.0627451,0.05882353,0.05882353,0.0627451,0.07058824,0.078431375,0.08627451,0.09019608,0.09019608,0.08627451,0.08235294,0.078431375,0.078431375,0.08235294,0.08235294,0.08235294,0.12941177,0.14901961,0.16470589,0.16862746,0.16862746,0.15294118,0.14117648,0.11372549,0.09019608,0.078431375,0.06666667,0.05490196,0.0627451,0.05882353,0.0627451,0.06666667,0.0627451,0.0627451,0.07058824,0.078431375,0.09019608,0.09019608,0.08627451,0.08627451,0.09411765,0.10980392,0.11764706,0.11764706,0.11372549,0.11764706,0.12156863,0.10980392,0.09803922,0.09019608,0.09019608,0.08235294,0.078431375,0.07058824,0.07058824,0.0627451,0.05490196,0.05490196,0.05882353,0.0627451,0.0627451,0.06666667,0.07058824,0.07450981,0.08235294,0.09019608,0.09803922,0.105882354,0.105882354,0.12156863,0.1254902,0.11372549
0,0.7058824,0.6901961,0.6745098,0.6901961,0.6901961,0.7176471,0.6862745,0.68235296,0.6784314,0.6666667,0.6627451,0.6666667,0.6666667,0.6745098,0.654902,0.6509804,0.6627451,0.6431373,0.6313726,0.6392157,0.69411767,0.6901961,0.6784314,0.6666667,0.7137255,0.6901961,0.67058825,0.6627451,0.6,0.58431375,0.5529412,0.5921569,0.59607846,0.5882353,0.5882353,0.5882353,0.5411765,0.5137255,0.5411765,0.5372549,0.50980395,0.49411765,0.47843137,0.4745098,0.49803922,0.45882353,0.44313726,0.44705883,0.46666667,0.4745098,0.47058824,0.44313726,0.4627451,0.48235294,0.46666667,0.47058824,0.62352943,0.59607846,0.5529412,0.57254905,0.5686275,0.5137255,0.5176471,0.5686275,0.5921569,0.5803922,0.5686275,0.5372549,0.5137255,0.5176471,0.49019608,0.45490196,0.4745098,0.47058824,0.45882353,0.41960785,0.42352942,0.41960785,0.42352942,0.40784314,0.42352942,0.42745098,0.45490196,0.44705883,0.5529412,0.5686275,0.5686275,0.6039216,0.6156863,0.60784316,0.62352943,0.63529414,0.7058824,0.7019608,0.73333335,0.7372549,0.7019608,0.67058825,0.67058825,0.7019608,0.69803923,0.65882355,0.62352943,0.5803922,0.6156863,0.6392157,0.6156863,0.61960787,0.58431375,0.5686275,0.54509807,0.57254905,0.8235294,0.7607843,0.6784314,0.627451,0.58431375,0.54901963,0.5764706,0.6117647,0.60784316,0.6156863,0.65882355,0.6117647,0.5686275,0.5803922,0.5882353,0.57254905,0.56078434,0.5882353,0.6039216,0.59607846,0.67058825,0.69803923,0.6392157,0.6431373,0.7058824,0.7294118,0.7921569,0.8627451,0.7294118,0.7882353,0.88235295,0.9254902,0.8745098,0.8117647,0.80784315,0.7529412,0.6509804,0.63529414,0.6156863,0.5921569,0.6509804,0.68235296,0.6862745,0.6431373,0.6,0.60784316,0.6,0.56078434,0.5294118,0.5372549,0.5294118,0.5137255,0.6392157,0.76862746,0.7882353,0.74509805,0.6,0.6666667,0.7019608,0.7137255,0.7294118,0.68235296,0.69803923,0.6666667,0.62352943,0.69411767,0.7372549,0.63529414,0.6784314,0.7490196,0.65882355,0.5647059,0.5803922,0.6431373,0.6117647,0.57254905,0.5529412,0.54509807,0.5411765,0.54901963,0.627451,0.64705884,0.67058825,0.69803923,0.6901961,0.7137255,0.6392157,0.6117647,0.69803923,0.70980394,0.6627451,0.5921569,0.5568628,0.5921569,0.74509805,0.7764706,0.7372549,0.6784314,0.6392157,0.6431373,0.654902,0.7254902,0.7254902,0.654902,0.6,0.57254905,0.5803922,0.6313726,0.62352943,0.62352943,0.68235296,0.68235296,0.69803923,0.7176471,0.6666667,0.6509804,0.6627451,0.6784314,0.5647059,0.49803922,0.49019608,0.56078434,0.70980394,0.79607844,0.90588236,0.8509804,0.7176471,0.6745098,0.6666667,0.64705884,0.67058825,0.7411765,0.74509805,0.7019608,0.6901961,0.7137255,0.73333335,0.7137255,0.6627451,0.5294118,0.78039217,0.7921569,0.7372549,0.5686275,0.48235294,0.43529412,0.34901962,0.28627452,0.3019608,0.43137255,0.6509804,0.8352941,0.92941177,0.90588236,0.8117647,0.8862745,0.9137255,0.8627451,0.83137256,0.84705883,0.8039216,0.69411767,0.5882353,0.5882353,0.6431373,0.63529414,0.57254905,0.43529412,0.8156863,0.7607843,0.6862745,0.5647059,0.46666667,0.3254902,0.29411766,0.23529412,0.23529412,0.3764706,0.56078434,0.65882355,0.70980394,0.64705884,0.6392157,0.7921569,0.8627451,0.83137256,0.7529412,0.8,0.7294118,0.68235296,0.5882353,0.49803922,0.5137255,0.5019608,0.46666667,0.37254903,0.63529414,0.60784316,0.5686275,0.58431375,0.5137255,0.34509805,0.29411766,0.26666668,0.3019608,0.37254903,0.5254902,0.6117647,0.6,0.52156866,0.49411765,0.6039216,0.654902,0.654902,0.59607846,0.6117647,0.5921569,0.56078434,0.54509807,0.48235294,0.47058824,0.42352942,0.36078432,0.29803923,0.5568628,0.5254902,0.5137255,0.56078434,0.52156866,0.42352942,0.39607844,0.39607844,0.43529412,0.4392157,0.49411765,0.5529412,0.5137255,0.45490196,0.4627451,0.54509807,0.5921569,0.60784316,0.654902,0.6901961,0.6156863,0.5411765,0.5764706,0.6117647,0.6,0.4862745,0.39607844,0.3372549,0.41568628,0.45882353,0.42745098,0.4627451,0.49803922,0.49803922,0.4509804,0.43137255,0.40784314,0.3764706,0.39607844,0.5019608,0.5254902,0.52156866,0.49411765,0.4862745,0.4862745,0.5254902,0.6039216,0.6039216,0.5686275,0.5137255,0.5137255,0.5529412,0.5529412,0.44705883,0.3372549,0.27058825,0.39215687,0.36078432,0.3529412,0.3529412,0.41960785,0.42745098,0.42745098,0.41568628,0.3882353,0.3647059,0.41568628,0.5803922,0.6,0.50980395,0.42745098,0.40784314,0.40784314,0.49803922,0.5764706,0.57254905,0.5921569,0.627451,0.62352943,0.6,0.5921569,0.43529412,0.25882354,0.23529412,0.36862746,0.3647059,0.3647059,0.36078432,0.36862746,0.3882353,0.37254903,0.31764707,0.27450982,0.29411766,0.37254903,0.4745098,0.49019608,0.42745098,0.40784314,0.4,0.45882353,0.5372549,0.5882353,0.5921569,0.6,0.6392157,0.64705884,0.56078434,0.4509804,0.29803923,0.18039216,0.15294118,0.34901962,0.30588236,0.31764707,0.34901962,0.3882353,0.4392157,0.40784314,0.3372549,0.2627451,0.27058825,0.32156864,0.38431373,0.38431373,0.3764706,0.39215687,0.4,0.42745098,0.5137255,0.5294118,0.50980395,0.4627451,0.4392157,0.42352942,0.3882353,0.34117648,0.25490198,0.14117648,0.101960786,0.28627452,0.23921569,0.24313726,0.25882354,0.28235295,0.2901961,0.25490198,0.22745098,0.23137255,0.29803923,0.34901962,0.3529412,0.34117648,0.3372549,0.31764707,0.29411766,0.31764707,0.3372549,0.34117648,0.32941177,0.31764707,0.3372549,0.34901962,0.3372549,0.28627452,0.22745098,0.15294118,0.105882354,0.20784314,0.1764706,0.19215687,0.21568628,0.2784314,0.2784314,0.2901961,0.21568628,0.18039216,0.21176471,0.27058825,0.3137255,0.29411766,0.25490198,0.22352941,0.21176471,0.2509804,0.29411766,0.32941177,0.34901962,0.35686275,0.34901962,0.34901962,0.30980393,0.25882354,0.23529412,0.1882353,0.13333334,0.15686275,0.12941177,0.13333334,0.15686275,0.19215687,0.20392157,0.19607843,0.1764706,0.16470589,0.14117648,0.15686275,0.16862746,0.15686275,0.14901961,0.15686275,0.1764706,0.20392157,0.23921569,0.23921569,0.22745098,0.21568628,0.22745098,0.27450982,0.3019608,0.29803923,0.24705882,0.1764706,0.13333334,0.08627451,0.07058824,0.08235294,0.105882354,0.12156863,0.11764706,0.105882354,0.07058824,0.07058824,0.078431375,0.101960786,0.11764706,0.13333334,0.13333334,0.14117648,0.14117648,0.15686275,0.16470589,0.18039216,0.19215687,0.21568628,0.2627451,0.2784314,0.30980393,0.30588236,0.21960784,0.11372549,0.06666667,0.03137255,0.02745098,0.03137255,0.03137255,0.039215688,0.039215688,0.03529412,0.03137255,0.047058824,0.07058824,0.11372549,0.1254902,0.14117648,0.105882354,0.11372549,0.13725491,0.16862746,0.20392157,0.23921569,0.24705882,0.25490198,0.2784314,0.24705882,0.2627451,0.23137255,0.1764706,0.105882354,0.050980393,0.019607844,0.015686275,0.011764706,0.011764706,0.015686275,0.011764706,0.019607844,0.015686275,0.03137255,0.03529412,0.050980393,0.050980393,0.05490196,0.05490196,0.0627451,0.07450981,0.11764706,0.18039216,0.1882353,0.20392157,0.19607843,0.1882353,0.22745098,0.28627452,0.2,0.1254902,0.0627451,0.047058824,0.011764706,0.011764706,0.007843138,0.007843138,0.023529412,0.02745098,0.03529412,0.03529412,0.03137255,0.03137255,0.043137256,0.039215688,0.039215688,0.047058824,0.06666667,0.0627451,0.08627451,0.11764706,0.1254902,0.12941177,0.12941177,0.14509805,0.18431373,0.16862746,0.105882354,0.05882353,0.039215688,0.03529412,0.011764706,0.015686275,0.015686275,0.019607844,0.015686275,0.015686275,0.019607844,0.015686275,0.019607844,0.019607844,0.023529412,0.03137255,0.02745098,0.03529412,0.03137255,0.03137255,0.047058824,0.06666667,0.0627451,0.07058824,0.06666667,0.07450981,0.101960786,0.1254902,0.10980392,0.08627451,0.08627451,0.07450981,0.011764706,0.015686275,0.015686275,0.02745098,0.02745098,0.02745098,0.023529412,0.015686275,0.015686275,0.011764706,0.019607844,0.03137255,0.02745098,0.023529412,0.015686275,0.019607844,0.039215688,0.0627451,0.07450981,0.078431375,0.09019608,0.105882354,0.13333334,0.1764706,0.20392157,0.15686275,0.11764706,0.09411765,0.015686275,0.011764706,0.011764706,0.015686275,0.015686275,0.019607844,0.043137256,0.039215688,0.03137255,0.015686275,0.015686275,0.015686275,0.023529412,0.03529412,0.047058824,0.03529412,0.0627451,0.101960786,0.12156863,0.13725491,0.16470589,0.1764706,0.15686275,0.12941177,0.105882354,0.08235294,0.0627451,0.050980393,0.007843138,0.011764706,0.007843138,0.011764706,0.011764706,0.011764706,0.011764706,0.023529412,0.019607844,0.019607844,0.015686275,0.011764706,0.015686275,0.023529412,0.03529412,0.03529412,0.0627451,0.08235294,0.08627451,0.105882354,0.12156863,0.12941177,0.1254902,0.13333334,0.09803922,0.05490196,0.0627451,0.047058824
1,0.72156864,0.72156864,0.7294118,0.7176471,0.7058824,0.69803923,0.72156864,0.72156864,0.70980394,0.6784314,0.68235296,0.7176471,0.7294118,0.72156864,0.7137255,0.6901961,0.65882355,0.64705884,0.654902,0.6745098,0.6509804,0.6784314,0.67058825,0.6901961,0.69803923,0.72156864,0.70980394,0.7019608,0.69411767,0.6901961,0.6784314,0.6745098,0.6666667,0.6745098,0.7019608,0.6745098,0.6862745,0.7254902,0.7294118,0.7019608,0.654902,0.6901961,0.76862746,0.7647059,0.77254903,0.7529412,0.7019608,0.65882355,0.5921569,0.61960787,0.62352943,0.6627451,0.70980394,0.69803923,0.68235296,0.69803923,0.8,0.81960785,0.79607844,0.7411765,0.6862745,0.6431373,0.6039216,0.5803922,0.5568628,0.60784316,0.62352943,0.64705884,0.5803922,0.5372549,0.5803922,0.68235296,0.7490196,0.76862746,0.8039216,0.7882353,0.7294118,0.7294118,0.7294118,0.76862746,0.77254903,0.7607843,0.7411765,0.7294118,0.7176471,0.67058825,0.6509804,0.5803922,0.5568628,0.4862745,0.45490196,0.50980395,0.52156866,0.50980395,0.49411765,0.54509807,0.57254905,0.5568628,0.5294118,0.56078434,0.60784316,0.5529412,0.5764706,0.59607846,0.6,0.6039216,0.57254905,0.5882353,0.62352943,0.65882355,0.654902,0.6745098,0.50980395,0.5294118,0.5372549,0.50980395,0.4392157,0.42745098,0.41568628,0.4627451,0.5529412,0.5529412,0.5019608,0.5137255,0.52156866,0.48235294,0.4627451,0.45882353,0.47843137,0.4392157,0.49803922,0.654902,0.6431373,0.5882353,0.6117647,0.5686275,0.5803922,0.64705884,0.67058825,0.69411767,0.5529412,0.5686275,0.5254902,0.5372549,0.47058824,0.41960785,0.47058824,0.5254902,0.5921569,0.56078434,0.5137255,0.5411765,0.5411765,0.45490196,0.4,0.38431373,0.41568628,0.40784314,0.5254902,0.69803923,0.5764706,0.61960787,0.6392157,0.61960787,0.61960787,0.6745098,0.7058824,0.69411767,0.65882355,0.61960787,0.5803922,0.6,0.6117647,0.6117647,0.6392157,0.60784316,0.62352943,0.62352943,0.654902,0.5882353,0.5647059,0.54509807,0.5019608,0.4627451,0.5019608,0.49411765,0.54509807,0.5529412,0.4862745,0.5568628,0.52156866,0.627451,0.70980394,0.69411767,0.65882355,0.68235296,0.5568628,0.5882353,0.5686275,0.59607846,0.6392157,0.6627451,0.69411767,0.70980394,0.6862745,0.7058824,0.7254902,0.6745098,0.6431373,0.5882353,0.52156866,0.47843137,0.4862745,0.50980395,0.5647059,0.56078434,0.54901963,0.5803922,0.627451,0.69411767,0.654902,0.6313726,0.7294118,0.7764706,0.52156866,0.50980395,0.5411765,0.5411765,0.5019608,0.5372549,0.5921569,0.627451,0.63529414,0.7137255,0.7294118,0.73333335,0.7294118,0.7294118,0.65882355,0.6313726,0.65882355,0.6392157,0.6156863,0.60784316,0.61960787,0.65882355,0.69411767,0.6784314,0.6509804,0.65882355,0.7490196,0.78039217,0.5176471,0.54509807,0.59607846,0.5882353,0.5019608,0.44313726,0.4627451,0.5254902,0.60784316,0.6784314,0.6784314,0.6156863,0.5764706,0.5686275,0.5372549,0.5529412,0.6156863,0.6313726,0.654902,0.65882355,0.7019608,0.7607843,0.8156863,0.8235294,0.7882353,0.7607843,0.7294118,0.7019608,0.42352942,0.4745098,0.5176471,0.4627451,0.43529412,0.41568628,0.46666667,0.5372549,0.54901963,0.5529412,0.54509807,0.5529412,0.5058824,0.45882353,0.4745098,0.4,0.39215687,0.4392157,0.5294118,0.5411765,0.56078434,0.63529414,0.6862745,0.68235296,0.67058825,0.7058824,0.73333335,0.7411765,0.46666667,0.41960785,0.38039216,0.41568628,0.4627451,0.4392157,0.4509804,0.5137255,0.5372549,0.49019608,0.45882353,0.47058824,0.4745098,0.42745098,0.4117647,0.4117647,0.43137255,0.44705883,0.4862745,0.49411765,0.4745098,0.49019608,0.44705883,0.44313726,0.5058824,0.5058824,0.5647059,0.5764706,0.5019608,0.42352942,0.37254903,0.39607844,0.42745098,0.4,0.42745098,0.4627451,0.47058824,0.49411765,0.45882353,0.3529412,0.35686275,0.34117648,0.30588236,0.33333334,0.32941177,0.32156864,0.38431373,0.42745098,0.4,0.38039216,0.40784314,0.42745098,0.47058824,0.45490196,0.48235294,0.5294118,0.4745098,0.40392157,0.3647059,0.38431373,0.4,0.39215687,0.39607844,0.44705883,0.49019608,0.5568628,0.5529412,0.4392157,0.37254903,0.34901962,0.28627452,0.29803923,0.28235295,0.30588236,0.30588236,0.30588236,0.32156864,0.40784314,0.42352942,0.38431373,0.43137255,0.46666667,0.4627451,0.48235294,0.37254903,0.38431373,0.38039216,0.38431373,0.41960785,0.41960785,0.40784314,0.42352942,0.5137255,0.5882353,0.54509807,0.48235294,0.4509804,0.39215687,0.34117648,0.33333334,0.29803923,0.2901961,0.2509804,0.2509804,0.29411766,0.30980393,0.29411766,0.3137255,0.3764706,0.43137255,0.47843137,0.5058824,0.45490196,0.4509804,0.47058824,0.49803922,0.54901963,0.5372549,0.44313726,0.4627451,0.49803922,0.58431375,0.6,0.5411765,0.49411765,0.45882353,0.41568628,0.4,0.3647059,0.2901961,0.25490198,0.22352941,0.22352941,0.25882354,0.30588236,0.4,0.50980395,0.5921569,0.6313726,0.61960787,0.40392157,0.40392157,0.40784314,0.4745098,0.5411765,0.5686275,0.58431375,0.57254905,0.5372549,0.5294118,0.57254905,0.56078434,0.5254902,0.5137255,0.4392157,0.41960785,0.44705883,0.45882353,0.46666667,0.38039216,0.34117648,0.40392157,0.49803922,0.5764706,0.5882353,0.60784316,0.6156863,0.5882353,0.2901961,0.30588236,0.29411766,0.3647059,0.45882353,0.5019608,0.54509807,0.56078434,0.6039216,0.6117647,0.61960787,0.6156863,0.6156863,0.5882353,0.53333336,0.5019608,0.5137255,0.53333336,0.56078434,0.5294118,0.5254902,0.5137255,0.45490196,0.49411765,0.4745098,0.47058824,0.39607844,0.3882353,0.2627451,0.23137255,0.24313726,0.2784314,0.3372549,0.43529412,0.4509804,0.47058824,0.5058824,0.5254902,0.5294118,0.5254902,0.5176471,0.49411765,0.47843137,0.4745098,0.49019608,0.49803922,0.44313726,0.40392157,0.4627451,0.45882353,0.39215687,0.36078432,0.33333334,0.2901961,0.23137255,0.24313726,0.22745098,0.18039216,0.17254902,0.23529412,0.29803923,0.38431373,0.42745098,0.49019608,0.5019608,0.56078434,0.5411765,0.5137255,0.5137255,0.4509804,0.4509804,0.49019608,0.45882353,0.4117647,0.35686275,0.3254902,0.34117648,0.30980393,0.23921569,0.21960784,0.2,0.19607843,0.17254902,0.2,0.19607843,0.18039216,0.1882353,0.22352941,0.27450982,0.32156864,0.3764706,0.43137255,0.4862745,0.5294118,0.57254905,0.5529412,0.49411765,0.45490196,0.42352942,0.34509805,0.27058825,0.2627451,0.27058825,0.23529412,0.19607843,0.21176471,0.14509805,0.07450981,0.08235294,0.14117648,0.22745098,0.20784314,0.23529412,0.23529412,0.23921569,0.29803923,0.3764706,0.36862746,0.38039216,0.3882353,0.3882353,0.4392157,0.4,0.38431373,0.34509805,0.3137255,0.27450982,0.25490198,0.24313726,0.2509804,0.2627451,0.20784314,0.20784314,0.18431373,0.08627451,0.07058824,0.105882354,0.1254902,0.16470589,0.14117648,0.28627452,0.29411766,0.32941177,0.39607844,0.39607844,0.3647059,0.3764706,0.41568628,0.45882353,0.5058824,0.5372549,0.5686275,0.50980395,0.46666667,0.36862746,0.2901961,0.24313726,0.21568628,0.21176471,0.1882353,0.15686275,0.09019608,0.043137256,0.05490196,0.10980392,0.11764706,0.13333334,0.16862746,0.26666668,0.24313726,0.24313726,0.27058825,0.3019608,0.4392157,0.5019608,0.49411765,0.43137255,0.42352942,0.43137255,0.42745098,0.36862746,0.32941177,0.2901961,0.24313726,0.2509804,0.22352941,0.16470589,0.1254902,0.08235294,0.03529412,0.023529412,0.0627451,0.10980392,0.101960786,0.15294118,0.23137255,0.16470589,0.2,0.23137255,0.21568628,0.23137255,0.30588236,0.3882353,0.39215687,0.39607844,0.40784314,0.39215687,0.37254903,0.28627452,0.23921569,0.24313726,0.22745098,0.17254902,0.15294118,0.11372549,0.08235294,0.050980393,0.03137255,0.023529412,0.039215688,0.08235294,0.17254902,0.23921569,0.21960784,0.15686275,0.19215687,0.20784314,0.2,0.17254902,0.21960784,0.26666668,0.32156864,0.3254902,0.3372549,0.36078432,0.36078432,0.35686275,0.3137255,0.3019608,0.3372549,0.2784314,0.2,0.105882354,0.07058824,0.07058824,0.039215688,0.03529412,0.07450981,0.16078432,0.25490198,0.1764706,0.08627451,0.105882354,0.14901961,0.23921569,0.29411766,0.24705882,0.24705882,0.28235295,0.2901961,0.27450982,0.28627452,0.27450982,0.22352941,0.27450982,0.2784314,0.27450982,0.2509804,0.23137255,0.15686275,0.101960786,0.047058824,0.03529412,0.043137256,0.078431375,0.14901961,0.18039216,0.12941177,0.0627451,0.047058824,0.11372549,0.13333334,0.20392157,0.26666668,0.2627451,0.25490198,0.23137255,0.21176471,0.21960784,0.26666668,0.25490198,0.29803923,0.4,0.32156864,0.35686275,0.32156864,0.28235295,0.21960784,0.11372549,0.050980393,0.039215688,0.047058824,0.13333334,0.13725491,0.08235294,0.039215688,0.039215688,0.043137256
0,0.7058824,0.70980394,0.69803923,0.6745098,0.6862745,0.6901961,0.6901961,0.6862745,0.68235296,0.6745098,0.6627451,0.6745098,0.69803923,0.69411767,0.69411767,0.7019608,0.6745098,0.6666667,0.65882355,0.654902,0.6745098,0.68235296,0.64705884,0.654902,0.654902,0.6666667,0.65882355,0.6666667,0.6784314,0.6901961,0.7137255,0.69411767,0.70980394,0.7058824,0.70980394,0.70980394,0.7137255,0.6901961,0.70980394,0.70980394,0.72156864,0.7254902,0.7254902,0.72156864,0.72156864,0.69803923,0.67058825,0.68235296,0.7019608,0.7019608,0.69411767,0.69411767,0.69803923,0.69803923,0.65882355,0.6862745,0.6784314,0.60784316,0.59607846,0.60784316,0.62352943,0.65882355,0.6745098,0.6627451,0.6509804,0.6156863,0.67058825,0.6784314,0.65882355,0.6784314,0.6745098,0.64705884,0.6392157,0.6431373,0.6,0.6862745,0.70980394,0.70980394,0.69411767,0.7058824,0.69803923,0.6666667,0.63529414,0.64705884,0.7176471,0.6509804,0.6784314,0.7137255,0.67058825,0.6156863,0.6,0.627451,0.63529414,0.65882355,0.64705884,0.654902,0.6313726,0.6627451,0.6862745,0.654902,0.6313726,0.6156863,0.58431375,0.627451,0.6,0.654902,0.6392157,0.64705884,0.6745098,0.64705884,0.6156863,0.6156863,0.72156864,0.68235296,0.67058825,0.7019608,0.69411767,0.65882355,0.62352943,0.6627451,0.62352943,0.6156863,0.63529414,0.6745098,0.64705884,0.654902,0.6745098,0.7019608,0.65882355,0.65882355,0.69803923,0.7058824,0.6666667,0.6901961,0.7176471,0.6901961,0.627451,0.58431375,0.54509807,0.5019608,0.83137256,0.83137256,0.8352941,0.8509804,0.8039216,0.78039217,0.76862746,0.7764706,0.7019608,0.6117647,0.6431373,0.7411765,0.7490196,0.7764706,0.7607843,0.6666667,0.6,0.6117647,0.62352943,0.6117647,0.6156863,0.6313726,0.6745098,0.5882353,0.5137255,0.5647059,0.5803922,0.52156866,0.79607844,0.8039216,0.78431374,0.73333335,0.654902,0.63529414,0.6431373,0.6901961,0.68235296,0.62352943,0.62352943,0.6784314,0.69411767,0.7490196,0.7647059,0.6392157,0.5764706,0.61960787,0.57254905,0.4862745,0.50980395,0.5764706,0.627451,0.6039216,0.5294118,0.5568628,0.5647059,0.5254902,0.5019608,0.52156866,0.49019608,0.44705883,0.4,0.38039216,0.36862746,0.36862746,0.40784314,0.43529412,0.41960785,0.4745098,0.62352943,0.6901961,0.6392157,0.50980395,0.5254902,0.60784316,0.6,0.5019608,0.5294118,0.56078434,0.654902,0.5921569,0.50980395,0.5019608,0.5372549,0.5647059,0.3882353,0.4117647,0.39215687,0.38039216,0.3647059,0.34509805,0.32156864,0.27450982,0.2509804,0.25490198,0.25490198,0.3254902,0.52156866,0.63529414,0.5764706,0.49411765,0.56078434,0.6313726,0.59607846,0.5254902,0.5529412,0.6509804,0.7411765,0.68235296,0.654902,0.68235296,0.72156864,0.70980394,0.3372549,0.3529412,0.34901962,0.36078432,0.3529412,0.32156864,0.28627452,0.22352941,0.19215687,0.1882353,0.2,0.2509804,0.38431373,0.46666667,0.44313726,0.4,0.5137255,0.64705884,0.63529414,0.56078434,0.5647059,0.6862745,0.7529412,0.72156864,0.7137255,0.7176471,0.7137255,0.68235296,0.29803923,0.30588236,0.32156864,0.32941177,0.32156864,0.3019608,0.24705882,0.19607843,0.18039216,0.1764706,0.1882353,0.1882353,0.23137255,0.2627451,0.2627451,0.23529412,0.36078432,0.5803922,0.627451,0.57254905,0.5568628,0.62352943,0.72156864,0.7294118,0.7254902,0.7019608,0.6862745,0.65882355,0.28627452,0.2784314,0.26666668,0.2509804,0.25882354,0.25882354,0.22745098,0.2,0.1882353,0.18039216,0.16862746,0.15686275,0.16470589,0.18431373,0.19215687,0.18039216,0.27450982,0.49411765,0.5647059,0.5254902,0.5137255,0.5529412,0.6627451,0.70980394,0.6784314,0.6509804,0.627451,0.5882353,0.26666668,0.24313726,0.21568628,0.22352941,0.23529412,0.23137255,0.20392157,0.1764706,0.19215687,0.19215687,0.16862746,0.13725491,0.1254902,0.13333334,0.15686275,0.14901961,0.18039216,0.3137255,0.40392157,0.4509804,0.47058824,0.5058824,0.5529412,0.5647059,0.54901963,0.5372549,0.5568628,0.5803922,0.23529412,0.20784314,0.2,0.19215687,0.1882353,0.18431373,0.17254902,0.14901961,0.16862746,0.1764706,0.16470589,0.13333334,0.105882354,0.11764706,0.14117648,0.14901961,0.16862746,0.21960784,0.26666668,0.3019608,0.36078432,0.41960785,0.44705883,0.47058824,0.5137255,0.5568628,0.58431375,0.5411765,0.2,0.1882353,0.1764706,0.1882353,0.19215687,0.19607843,0.16078432,0.14117648,0.14509805,0.15294118,0.14509805,0.12156863,0.11372549,0.12156863,0.11764706,0.14117648,0.1764706,0.19607843,0.22745098,0.25882354,0.30980393,0.3647059,0.40784314,0.44313726,0.47058824,0.45490196,0.44313726,0.42352942,0.19607843,0.1882353,0.18431373,0.19607843,0.20784314,0.19215687,0.15294118,0.13725491,0.14509805,0.14509805,0.12156863,0.101960786,0.09411765,0.09019608,0.09803922,0.11372549,0.15294118,0.21176471,0.25490198,0.27058825,0.29803923,0.3372549,0.3647059,0.38431373,0.39215687,0.36862746,0.38431373,0.4509804,0.2,0.1764706,0.18039216,0.18431373,0.20392157,0.1882353,0.15294118,0.11764706,0.1254902,0.105882354,0.07450981,0.0627451,0.0627451,0.06666667,0.078431375,0.09019608,0.09411765,0.13725491,0.19607843,0.2509804,0.27058825,0.28627452,0.31764707,0.3254902,0.3372549,0.36078432,0.37254903,0.39215687,0.1764706,0.16470589,0.1882353,0.22352941,0.19607843,0.16470589,0.11764706,0.09411765,0.10980392,0.09411765,0.06666667,0.043137256,0.039215688,0.050980393,0.078431375,0.11764706,0.09803922,0.13333334,0.18431373,0.23921569,0.24705882,0.27058825,0.29803923,0.30588236,0.31764707,0.30980393,0.30980393,0.32941177,0.15686275,0.15294118,0.2,0.20784314,0.18039216,0.11764706,0.09411765,0.08235294,0.09803922,0.08627451,0.05490196,0.02745098,0.03137255,0.03137255,0.047058824,0.0627451,0.11372549,0.20392157,0.27058825,0.29411766,0.2509804,0.2627451,0.27058825,0.28627452,0.29411766,0.3019608,0.30980393,0.29803923,0.13333334,0.14117648,0.14509805,0.16078432,0.16862746,0.10980392,0.08627451,0.07450981,0.08235294,0.07058824,0.050980393,0.02745098,0.019607844,0.019607844,0.015686275,0.039215688,0.1882353,0.26666668,0.2784314,0.26666668,0.26666668,0.27058825,0.25882354,0.26666668,0.2901961,0.2901961,0.2784314,0.25882354,0.12156863,0.11764706,0.11372549,0.1254902,0.1254902,0.09803922,0.07450981,0.05882353,0.0627451,0.043137256,0.023529412,0.023529412,0.019607844,0.019607844,0.03137255,0.06666667,0.17254902,0.22352941,0.20392157,0.21176471,0.2,0.20784314,0.20392157,0.21176471,0.23529412,0.25882354,0.24705882,0.24313726,0.1254902,0.11764706,0.11764706,0.12156863,0.101960786,0.07450981,0.0627451,0.047058824,0.043137256,0.03529412,0.023529412,0.02745098,0.02745098,0.03529412,0.07058824,0.09803922,0.11764706,0.15294118,0.15294118,0.13333334,0.11764706,0.13725491,0.15294118,0.16862746,0.21568628,0.25882354,0.24313726,0.20784314,0.13333334,0.12156863,0.10980392,0.105882354,0.105882354,0.078431375,0.05882353,0.06666667,0.08235294,0.08235294,0.08627451,0.08235294,0.09019608,0.11372549,0.14509805,0.12156863,0.11764706,0.12156863,0.13333334,0.16862746,0.16470589,0.1764706,0.1882353,0.18431373,0.2,0.21176471,0.19607843,0.19215687,0.39215687,0.24313726,0.13725491,0.11764706,0.13725491,0.1254902,0.11372549,0.14117648,0.14509805,0.16470589,0.17254902,0.16862746,0.14901961,0.14901961,0.14117648,0.12156863,0.1254902,0.14117648,0.15686275,0.1764706,0.15294118,0.17254902,0.1764706,0.16078432,0.15686275,0.18039216,0.1764706,0.16470589,0.5058824,0.49803922,0.41568628,0.28627452,0.23529412,0.21176471,0.1882353,0.19215687,0.1882353,0.18431373,0.16862746,0.16078432,0.14901961,0.12156863,0.11764706,0.10980392,0.1254902,0.16078432,0.15294118,0.15686275,0.13333334,0.12156863,0.11372549,0.1254902,0.12941177,0.12941177,0.12156863,0.11764706,0.3647059,0.4117647,0.3882353,0.34117648,0.3019608,0.2627451,0.22352941,0.2,0.19607843,0.1764706,0.1254902,0.09803922,0.078431375,0.09411765,0.11372549,0.12156863,0.12941177,0.13725491,0.12941177,0.101960786,0.09411765,0.09411765,0.08627451,0.09019608,0.09803922,0.105882354,0.1254902,0.14117648,0.38431373,0.42352942,0.3764706,0.34117648,0.31764707,0.29803923,0.26666668,0.24313726,0.20392157,0.16862746,0.14901961,0.13725491,0.14117648,0.15294118,0.14509805,0.11372549,0.09019608,0.07450981,0.078431375,0.07450981,0.078431375,0.06666667,0.06666667,0.07450981,0.08627451,0.14117648,0.16862746,0.15294118,0.3372549,0.38431373,0.3882353,0.3882353,0.3529412,0.3019608,0.27058825,0.25490198,0.22745098,0.21176471,0.20392157,0.18431373,0.16078432,0.14509805,0.14117648,0.10980392,0.09411765,0.078431375,0.06666667,0.0627451,0.06666667,0.07058824,0.078431375,0.09803922,0.09803922,0.101960786,0.105882354,0.10980392
1,0.5764706,0.5294118,0.5058824,0.5176471,0.5529412,0.52156866,0.5137255,0.52156866,0.5137255,0.4862745,0.5019608,0.4862745,0.4862745,0.4862745,0.49803922,0.5176471,0.50980395,0.5176471,0.52156866,0.5019608,0.4862745,0.49019608,0.5137255,0.49411765,0.5254902,0.5372549,0.5254902,0.5176471,0.4,0.3529412,0.34117648,0.34117648,0.3137255,0.34509805,0.3137255,0.27450982,0.3019608,0.34509805,0.3764706,0.40392157,0.36078432,0.33333334,0.35686275,0.34509805,0.3254902,0.33333334,0.33333334,0.3529412,0.34509805,0.30980393,0.3137255,0.3254902,0.3254902,0.32156864,0.34509805,0.38039216,0.3529412,0.28627452,0.28627452,0.34117648,0.32156864,0.25882354,0.28627452,0.27058825,0.2627451,0.3019608,0.37254903,0.41960785,0.34117648,0.34901962,0.3372549,0.31764707,0.32941177,0.26666668,0.2509804,0.29411766,0.3254902,0.30588236,0.27450982,0.3764706,0.37254903,0.3882353,0.3882353,0.3647059,0.36862746,0.2901961,0.2784314,0.3019608,0.30980393,0.32156864,0.3647059,0.37254903,0.38431373,0.3882353,0.35686275,0.36862746,0.38039216,0.36862746,0.39215687,0.38039216,0.3372549,0.3137255,0.3372549,0.3647059,0.38039216,0.3372549,0.31764707,0.3372549,0.30980393,0.3254902,0.34901962,0.34117648,0.3764706,0.33333334,0.26666668,0.2627451,0.27450982,0.3019608,0.32941177,0.36862746,0.36078432,0.3647059,0.34509805,0.3372549,0.3764706,0.41960785,0.42352942,0.34901962,0.33333334,0.39607844,0.43137255,0.4745098,0.4509804,0.41568628,0.4117647,0.31764707,0.29411766,0.3254902,0.3529412,0.3372549,0.35686275,0.30980393,0.33333334,0.42352942,0.40784314,0.38039216,0.38039216,0.36078432,0.30980393,0.30588236,0.30980393,0.3254902,0.33333334,0.35686275,0.3882353,0.39215687,0.37254903,0.3647059,0.34901962,0.3764706,0.4627451,0.5019608,0.4862745,0.40784314,0.40784314,0.49019608,0.44705883,0.5058824,0.3882353,0.44313726,0.42745098,0.40784314,0.40392157,0.35686275,0.39215687,0.39607844,0.39607844,0.40784314,0.4117647,0.3882353,0.34901962,0.3372549,0.3019608,0.31764707,0.37254903,0.4,0.41568628,0.47058824,0.42745098,0.3882353,0.4117647,0.44705883,0.45882353,0.5058824,0.45490196,0.41568628,0.3764706,0.32156864,0.3882353,0.42352942,0.3372549,0.2901961,0.32156864,0.3529412,0.4117647,0.43137255,0.5019608,0.5372549,0.5137255,0.46666667,0.4627451,0.40784314,0.39607844,0.36862746,0.3882353,0.37254903,0.34901962,0.38431373,0.36862746,0.38039216,0.40392157,0.36862746,0.36862746,0.46666667,0.32156864,0.33333334,0.36862746,0.41960785,0.39607844,0.4,0.4392157,0.47843137,0.47058824,0.42352942,0.39215687,0.38431373,0.31764707,0.3019608,0.30588236,0.28235295,0.32941177,0.29803923,0.34901962,0.3137255,0.3254902,0.38039216,0.38431373,0.47058824,0.4862745,0.50980395,0.5803922,0.5411765,0.3647059,0.3882353,0.42352942,0.4745098,0.4509804,0.42745098,0.3764706,0.39215687,0.4,0.38039216,0.3647059,0.32941177,0.32156864,0.3529412,0.38039216,0.37254903,0.40784314,0.47058824,0.49803922,0.49803922,0.5019608,0.46666667,0.54901963,0.5764706,0.6,0.5686275,0.56078434,0.5647059,0.41568628,0.39607844,0.3529412,0.34117648,0.27450982,0.28627452,0.34509805,0.41960785,0.42745098,0.40392157,0.29803923,0.24313726,0.25882354,0.29411766,0.34901962,0.38039216,0.47058824,0.5254902,0.53333336,0.50980395,0.45490196,0.31764707,0.38039216,0.49803922,0.5803922,0.49019608,0.44313726,0.38039216,0.32156864,0.34901962,0.3529412,0.36862746,0.33333334,0.30980393,0.34901962,0.41960785,0.42745098,0.41960785,0.30588236,0.23529412,0.23921569,0.3019608,0.2784314,0.32941177,0.36078432,0.45490196,0.4745098,0.48235294,0.4509804,0.29411766,0.29411766,0.3137255,0.3764706,0.32941177,0.35686275,0.3647059,0.31764707,0.32156864,0.36862746,0.37254903,0.3254902,0.34901962,0.4,0.39215687,0.36078432,0.32941177,0.33333334,0.3372549,0.3019608,0.3019608,0.3764706,0.4117647,0.29411766,0.3529412,0.4745098,0.49803922,0.4117647,0.2901961,0.23137255,0.30588236,0.40784314,0.39607844,0.3647059,0.34509805,0.31764707,0.29803923,0.2627451,0.29411766,0.30588236,0.3529412,0.39607844,0.36078432,0.34117648,0.31764707,0.33333334,0.3254902,0.31764707,0.2901961,0.39215687,0.3764706,0.4392157,0.44705883,0.4745098,0.48235294,0.42352942,0.3882353,0.34509805,0.3647059,0.41568628,0.30980393,0.2627451,0.30588236,0.35686275,0.40392157,0.39215687,0.3019608,0.27058825,0.28627452,0.33333334,0.3372549,0.35686275,0.3529412,0.37254903,0.40392157,0.34117648,0.31764707,0.34901962,0.29803923,0.29803923,0.35686275,0.4509804,0.4392157,0.34117648,0.30980393,0.28235295,0.30980393,0.2901961,0.22352941,0.29411766,0.36078432,0.28627452,0.34509805,0.30588236,0.25490198,0.21960784,0.22352941,0.23921569,0.27450982,0.27450982,0.29411766,0.30588236,0.3372549,0.2901961,0.2901961,0.27058825,0.28627452,0.30980393,0.37254903,0.39215687,0.32156864,0.25490198,0.19215687,0.2,0.24313726,0.21176471,0.2509804,0.33333334,0.34901962,0.22352941,0.32941177,0.2901961,0.22745098,0.21176471,0.20784314,0.21568628,0.31764707,0.36078432,0.2784314,0.24705882,0.25882354,0.25882354,0.2509804,0.22352941,0.22745098,0.2784314,0.33333334,0.27058825,0.2627451,0.25882354,0.2,0.16078432,0.18039216,0.24705882,0.33333334,0.3137255,0.23921569,0.21176471,0.2,0.15294118,0.15294118,0.17254902,0.22745098,0.23137255,0.23529412,0.32941177,0.3254902,0.27058825,0.24313726,0.24705882,0.22352941,0.21960784,0.21960784,0.19215687,0.1882353,0.22745098,0.3019608,0.29411766,0.26666668,0.2627451,0.29803923,0.2901961,0.23529412,0.15294118,0.101960786,0.36078432,0.2901961,0.34117648,0.3372549,0.2627451,0.34901962,0.26666668,0.24705882,0.25490198,0.23529412,0.27450982,0.3254902,0.35686275,0.30980393,0.28627452,0.22352941,0.19215687,0.22745098,0.31764707,0.3647059,0.3882353,0.2509804,0.20784314,0.22352941,0.15294118,0.08235294,0.05882353,0.047058824,0.14509805,0.13333334,0.09411765,0.101960786,0.105882354,0.11764706,0.09803922,0.1254902,0.20392157,0.2627451,0.28627452,0.31764707,0.32156864,0.25490198,0.20392157,0.22745098,0.29411766,0.29411766,0.26666668,0.23529412,0.21960784,0.20392157,0.15294118,0.08627451,0.047058824,0.03137255,0.03529412,0.03529412,0.09411765,0.05490196,0.03529412,0.05490196,0.07450981,0.08235294,0.105882354,0.13333334,0.20392157,0.21960784,0.22745098,0.18039216,0.14901961,0.12156863,0.12941177,0.21176471,0.23921569,0.20784314,0.1764706,0.18039216,0.18431373,0.16470589,0.08627451,0.02745098,0.019607844,0.015686275,0.011764706,0.011764706,0.0627451,0.02745098,0.019607844,0.02745098,0.047058824,0.08235294,0.09019608,0.09803922,0.19607843,0.24313726,0.2784314,0.22745098,0.11372549,0.08235294,0.10980392,0.1254902,0.13725491,0.14117648,0.14901961,0.16470589,0.14509805,0.078431375,0.023529412,0.007843138,0.015686275,0.015686275,0.003921569,0.003921569,0.023529412,0.011764706,0.011764706,0.023529412,0.05882353,0.08235294,0.11764706,0.15686275,0.15686275,0.16078432,0.16862746,0.18431373,0.14901961,0.1254902,0.105882354,0.08627451,0.09411765,0.11764706,0.11764706,0.101960786,0.06666667,0.023529412,0.007843138,0.003921569,0.003921569,0.011764706,0.007843138,0.003921569,0.047058824,0.015686275,0.015686275,0.019607844,0.039215688,0.05490196,0.07058824,0.09019608,0.11372549,0.1254902,0.14117648,0.15294118,0.16078432,0.14117648,0.10980392,0.08627451,0.07058824,0.0627451,0.050980393,0.043137256,0.023529412,0.011764706,0.003921569,0.003921569,0.003921569,0.007843138,0.003921569,0.003921569,0.039215688,0.011764706,0.011764706,0.011764706,0.019607844,0.019607844,0.03529412,0.043137256,0.05882353,0.09803922,0.12156863,0.10980392,0.12156863,0.10980392,0.07058824,0.043137256,0.03529412,0.03137255,0.019607844,0.011764706,0.007843138,0.003921569,0.003921569,0.003921569,0.003921569,0.003921569,0.003921569,0.003921569,0.007843138,0.007843138,0.03137255,0.050980393,0.043137256,0.047058824,0.07058824,0.08627451,0.10980392,0.105882354,0.078431375,0.09803922,0.09411765,0.06666667,0.023529412,0.02745098,0.03137255,0.011764706,0.007843138,0.003921569,0.003921569,0.003921569,0.003921569,0.003921569,0.003921569,0.003921569,0.003921569,0.003921569,0.007843138,0.007843138,0.02745098,0.07058824,0.09411765,0.09803922,0.09019608,0.09019608,0.09803922,0.13333334,0.1254902,0.09411765,0.05882353,0.039215688,0.023529412,0.007843138,0.007843138,0.003921569,0.003921569,0.003921569,0.003921569,0.003921569,0.003921569,0.003921569,0.003921569,0.003921569,0.003921569,0.003921569,0.007843138,0.003921569,0.003921569,0.007843138,0.015686275,0.023529412,0.039215688,0.05490196,0.08235294,0.07450981,0.078431375,0.05882353,0.043137256,0.023529412,0.015686275,0.003921569,0.003921569,0.003921569,0.003921569,0.003921569,0.003921569,0.003921569,0.003921569,0.003921569,0.003921569,0.003921569,0.003921569,0.003921569
0,0.6784314,0.6784314,0.64705884,0.6509804,0.6745098,0.7019608,0.6784314,0.6745098,0.70980394,0.7137255,0.7019608,0.69411767,0.7019608,0.69411767,0.6862745,0.6862745,0.6666667,0.6666667,0.6627451,0.6666667,0.65882355,0.6431373,0.65882355,0.68235296,0.6784314,0.6666667,0.7294118,0.75686276,0.57254905,0.5529412,0.5176471,0.52156866,0.5686275,0.6039216,0.6,0.56078434,0.5647059,0.59607846,0.5882353,0.6156863,0.627451,0.63529414,0.62352943,0.58431375,0.5647059,0.5568628,0.57254905,0.58431375,0.5764706,0.58431375,0.59607846,0.6509804,0.6392157,0.64705884,0.68235296,0.6784314,0.54901963,0.5411765,0.5372549,0.53333336,0.54509807,0.5372549,0.54901963,0.5686275,0.5686275,0.5529412,0.5529412,0.5568628,0.5019608,0.49803922,0.5176471,0.5529412,0.53333336,0.5176471,0.5372549,0.56078434,0.5529412,0.6,0.5882353,0.6117647,0.65882355,0.6901961,0.5882353,0.61960787,0.5686275,0.5921569,0.5803922,0.57254905,0.57254905,0.54901963,0.5764706,0.6117647,0.6117647,0.5764706,0.5686275,0.58431375,0.54901963,0.5882353,0.6117647,0.627451,0.6745098,0.6431373,0.6313726,0.5647059,0.52156866,0.58431375,0.59607846,0.6117647,0.61960787,0.6509804,0.61960787,0.6039216,0.59607846,0.61960787,0.60784316,0.5882353,0.5803922,0.5529412,0.5686275,0.60784316,0.6039216,0.58431375,0.58431375,0.5882353,0.61960787,0.67058825,0.61960787,0.6313726,0.6627451,0.627451,0.61960787,0.6117647,0.6,0.6431373,0.6392157,0.6313726,0.72156864,0.7294118,0.68235296,0.6039216,0.7647059,0.7294118,0.6862745,0.6745098,0.63529414,0.6392157,0.6901961,0.72156864,0.7058824,0.6901961,0.6627451,0.59607846,0.6784314,0.65882355,0.53333336,0.5647059,0.60784316,0.6392157,0.6627451,0.65882355,0.63529414,0.6627451,0.6431373,0.6,0.654902,0.65882355,0.654902,0.58431375,0.69411767,0.7137255,0.78039217,0.77254903,0.7529412,0.7294118,0.7254902,0.7607843,0.73333335,0.69803923,0.6627451,0.627451,0.654902,0.57254905,0.5137255,0.5137255,0.6313726,0.654902,0.6666667,0.67058825,0.62352943,0.6039216,0.58431375,0.54509807,0.62352943,0.65882355,0.6431373,0.627451,0.5921569,0.5921569,0.68235296,0.74509805,0.7058824,0.67058825,0.69803923,0.7176471,0.72156864,0.6901961,0.6627451,0.57254905,0.44313726,0.3254902,0.34509805,0.47058824,0.62352943,0.6862745,0.69411767,0.6666667,0.61960787,0.58431375,0.6039216,0.5803922,0.5764706,0.6313726,0.627451,0.6313726,0.6039216,0.60784316,0.59607846,0.6313726,0.6509804,0.62352943,0.6627451,0.7372549,0.7137255,0.63529414,0.56078434,0.44705883,0.31764707,0.2,0.17254902,0.27450982,0.42352942,0.5764706,0.7176471,0.68235296,0.63529414,0.5764706,0.5529412,0.54901963,0.56078434,0.627451,0.7529412,0.8,0.5764706,0.56078434,0.5529412,0.56078434,0.5882353,0.59607846,0.59607846,0.6509804,0.6313726,0.5529412,0.4745098,0.35686275,0.24705882,0.14901961,0.13725491,0.1764706,0.32156864,0.5058824,0.6392157,0.7254902,0.70980394,0.6901961,0.61960787,0.60784316,0.6509804,0.76862746,0.8784314,0.8666667,0.6156863,0.6313726,0.6039216,0.61960787,0.6392157,0.63529414,0.6392157,0.6313726,0.5764706,0.52156866,0.4745098,0.37254903,0.24705882,0.12941177,0.14509805,0.21568628,0.37254903,0.58431375,0.6901961,0.8117647,0.85882354,0.85490197,0.7607843,0.7529412,0.8,0.84705883,0.81960785,0.7254902,0.5411765,0.53333336,0.5372549,0.5803922,0.58431375,0.5764706,0.5764706,0.5764706,0.5372549,0.5137255,0.4745098,0.41960785,0.3254902,0.22745098,0.23529412,0.28235295,0.42352942,0.52156866,0.59607846,0.67058825,0.72156864,0.68235296,0.5882353,0.5529412,0.58431375,0.6156863,0.68235296,0.7019608,0.6156863,0.5921569,0.54901963,0.52156866,0.5019608,0.4862745,0.49803922,0.5254902,0.49019608,0.47843137,0.46666667,0.45490196,0.4392157,0.41960785,0.3764706,0.32941177,0.42745098,0.45490196,0.45882353,0.53333336,0.5882353,0.5882353,0.5411765,0.5411765,0.59607846,0.63529414,0.7372549,0.8039216,0.54901963,0.54901963,0.53333336,0.5137255,0.5176471,0.49411765,0.50980395,0.52156866,0.4745098,0.42352942,0.41568628,0.4392157,0.44313726,0.4745098,0.47058824,0.4745098,0.49019608,0.49803922,0.5137255,0.57254905,0.63529414,0.6666667,0.7058824,0.73333335,0.78039217,0.79607844,0.7372549,0.64705884,0.5647059,0.52156866,0.49803922,0.47843137,0.48235294,0.45490196,0.42745098,0.3882353,0.34509805,0.3137255,0.30980393,0.3529412,0.43137255,0.47843137,0.5019608,0.5254902,0.5529412,0.6117647,0.6627451,0.7137255,0.70980394,0.67058825,0.63529414,0.5803922,0.5686275,0.5803922,0.5921569,0.5647059,0.6,0.5882353,0.5019608,0.4392157,0.4392157,0.42745098,0.42352942,0.3764706,0.34509805,0.31764707,0.29411766,0.30588236,0.3372549,0.30588236,0.3019608,0.2901961,0.2784314,0.34901962,0.44313726,0.50980395,0.5058824,0.49411765,0.48235294,0.4862745,0.53333336,0.5921569,0.59607846,0.54509807,0.5647059,0.5568628,0.5294118,0.47058824,0.49019608,0.41960785,0.35686275,0.32941177,0.3254902,0.33333334,0.32156864,0.29411766,0.29803923,0.2901961,0.3137255,0.25490198,0.22352941,0.25490198,0.32941177,0.42745098,0.49019608,0.53333336,0.5568628,0.5647059,0.5568628,0.56078434,0.5686275,0.5686275,0.54901963,0.5019608,0.42352942,0.3647059,0.3529412,0.33333334,0.3254902,0.3137255,0.33333334,0.3254902,0.33333334,0.29411766,0.28235295,0.28235295,0.2901961,0.3254902,0.3882353,0.41568628,0.45490196,0.5019608,0.54509807,0.54509807,0.5372549,0.5137255,0.5254902,0.54901963,0.5411765,0.5176471,0.60784316,0.5647059,0.40392157,0.32941177,0.3137255,0.28235295,0.28627452,0.32941177,0.3254902,0.31764707,0.2901961,0.24313726,0.24313726,0.23921569,0.21960784,0.24313726,0.2784314,0.32941177,0.38039216,0.43137255,0.48235294,0.5137255,0.5294118,0.5254902,0.5411765,0.5803922,0.5764706,0.5686275,0.5411765,0.5254902,0.42352942,0.37254903,0.36862746,0.33333334,0.28627452,0.27450982,0.24705882,0.24705882,0.21176471,0.19607843,0.18039216,0.1882353,0.1882353,0.1764706,0.1764706,0.1882353,0.2509804,0.3372549,0.40392157,0.46666667,0.52156866,0.54901963,0.5294118,0.48235294,0.44705883,0.4392157,0.34117648,0.33333334,0.34901962,0.36862746,0.35686275,0.38431373,0.41568628,0.43137255,0.44705883,0.45882353,0.4392157,0.44705883,0.4745098,0.4509804,0.39607844,0.32941177,0.23137255,0.18431373,0.20784314,0.26666668,0.3137255,0.36862746,0.3882353,0.40392157,0.3882353,0.38039216,0.39215687,0.41568628,0.2901961,0.27450982,0.3019608,0.33333334,0.34901962,0.36078432,0.38039216,0.39215687,0.4117647,0.40392157,0.4,0.43137255,0.44705883,0.41568628,0.39607844,0.3372549,0.3019608,0.25882354,0.2509804,0.26666668,0.2901961,0.34901962,0.36078432,0.36862746,0.38039216,0.38039216,0.41568628,0.4862745,0.2627451,0.22352941,0.20392157,0.21176471,0.23529412,0.23529412,0.24705882,0.2627451,0.2784314,0.28235295,0.2901961,0.30980393,0.30980393,0.28235295,0.2784314,0.2509804,0.2509804,0.28235295,0.3529412,0.4,0.4117647,0.43137255,0.44313726,0.4392157,0.4509804,0.4862745,0.5058824,0.48235294,0.16862746,0.15686275,0.14901961,0.14509805,0.15686275,0.15686275,0.18039216,0.2,0.23137255,0.24313726,0.21960784,0.23137255,0.21960784,0.22352941,0.2,0.20392157,0.21960784,0.21176471,0.23529412,0.28627452,0.34117648,0.41568628,0.45490196,0.47058824,0.5019608,0.5019608,0.50980395,0.5058824,0.16470589,0.14117648,0.12941177,0.1254902,0.12941177,0.13725491,0.15686275,0.16862746,0.17254902,0.18039216,0.17254902,0.16862746,0.16078432,0.16078432,0.15294118,0.15294118,0.16862746,0.1882353,0.22745098,0.27058825,0.3137255,0.39215687,0.43529412,0.47058824,0.47843137,0.48235294,0.45490196,0.43529412,0.16078432,0.14117648,0.1254902,0.12156863,0.12941177,0.15294118,0.18431373,0.17254902,0.16470589,0.15294118,0.15294118,0.14901961,0.14509805,0.14117648,0.12156863,0.10980392,0.105882354,0.12156863,0.16470589,0.22745098,0.25882354,0.32156864,0.3372549,0.3372549,0.3372549,0.34509805,0.3529412,0.38039216,0.14901961,0.14117648,0.13725491,0.11764706,0.11372549,0.12156863,0.12941177,0.12941177,0.12941177,0.1254902,0.1254902,0.1254902,0.1254902,0.1254902,0.12156863,0.1254902,0.13333334,0.13725491,0.15294118,0.1764706,0.18431373,0.21568628,0.23529412,0.24705882,0.26666668,0.2784314,0.27450982,0.28627452,0.11372549,0.12156863,0.1254902,0.10980392,0.105882354,0.10980392,0.11764706,0.1254902,0.11764706,0.1254902,0.1254902,0.13333334,0.14117648,0.16862746,0.19607843,0.1882353,0.1764706,0.1764706,0.19215687,0.20784314,0.22352941,0.24705882,0.29411766,0.34509805,0.34901962,0.34117648,0.32156864,0.3254902
1,0.32156864,0.3372549,0.3647059,0.38431373,0.39215687,0.39607844,0.41568628,0.43529412,0.44705883,0.4509804,0.39607844,0.34901962,0.27058825,0.21960784,0.2,0.2,0.19215687,0.20392157,0.21568628,0.20784314,0.21176471,0.23529412,0.23137255,0.21568628,0.24313726,0.28627452,0.25490198,0.29803923,0.3529412,0.29803923,0.35686275,0.37254903,0.35686275,0.33333334,0.3254902,0.34901962,0.39215687,0.40784314,0.4,0.3882353,0.34117648,0.25490198,0.21176471,0.1764706,0.13333334,0.09803922,0.08627451,0.08627451,0.08235294,0.08627451,0.08627451,0.07450981,0.08627451,0.105882354,0.10980392,0.13725491,0.30980393,0.36078432,0.34117648,0.3372549,0.3019608,0.29803923,0.29803923,0.30588236,0.30980393,0.29803923,0.2784314,0.23529412,0.18039216,0.11764706,0.10980392,0.12156863,0.12156863,0.10980392,0.09019608,0.07058824,0.047058824,0.02745098,0.015686275,0.011764706,0.007843138,0.007843138,0.015686275,0.019607844,0.34901962,0.3764706,0.3764706,0.40784314,0.4627451,0.49411765,0.50980395,0.5176471,0.5686275,0.5529412,0.45882353,0.3254902,0.23921569,0.13725491,0.09803922,0.07450981,0.11764706,0.13333334,0.078431375,0.05490196,0.019607844,0.011764706,0.007843138,0.007843138,0.003921569,0.011764706,0.02745098,0.019607844,0.5019608,0.5294118,0.49411765,0.45490196,0.5019608,0.5176471,0.45490196,0.47058824,0.5764706,0.6039216,0.4862745,0.4117647,0.4,0.33333334,0.29411766,0.2509804,0.24705882,0.1764706,0.07058824,0.043137256,0.05490196,0.07058824,0.05490196,0.039215688,0.039215688,0.03137255,0.03137255,0.019607844,0.5411765,0.5921569,0.5803922,0.5254902,0.4509804,0.43529412,0.39607844,0.3647059,0.38431373,0.38431373,0.3764706,0.39607844,0.36078432,0.31764707,0.28627452,0.25882354,0.21176471,0.13333334,0.07058824,0.050980393,0.023529412,0.011764706,0.007843138,0.007843138,0.011764706,0.011764706,0.019607844,0.03137255,0.49411765,0.53333336,0.5176471,0.49803922,0.44313726,0.47843137,0.4509804,0.28235295,0.25882354,0.23529412,0.21568628,0.3882353,0.38431373,0.34901962,0.2901961,0.20392157,0.17254902,0.11764706,0.05882353,0.043137256,0.03529412,0.047058824,0.03137255,0.015686275,0.011764706,0.019607844,0.02745098,0.047058824,0.5411765,0.4862745,0.47058824,0.4745098,0.4862745,0.5254902,0.45882353,0.34117648,0.38039216,0.23921569,0.32941177,0.5019608,0.41568628,0.34509805,0.2784314,0.24705882,0.22352941,0.13725491,0.03137255,0.015686275,0.03529412,0.047058824,0.039215688,0.02745098,0.023529412,0.03529412,0.015686275,0.011764706,0.44705883,0.44313726,0.44705883,0.4627451,0.45882353,0.45882353,0.43529412,0.4745098,0.5529412,0.4509804,0.47058824,0.4117647,0.32941177,0.3372549,0.3019608,0.27058825,0.22745098,0.11764706,0.043137256,0.07058824,0.078431375,0.03529412,0.047058824,0.03529412,0.047058824,0.047058824,0.019607844,0.015686275,0.3529412,0.35686275,0.39215687,0.4117647,0.43137255,0.43137255,0.45882353,0.50980395,0.5647059,0.49019608,0.39215687,0.34901962,0.30588236,0.28627452,0.21568628,0.16078432,0.17254902,0.16862746,0.14117648,0.11764706,0.105882354,0.06666667,0.06666667,0.050980393,0.023529412,0.03529412,0.07058824,0.0627451,0.31764707,0.3137255,0.33333334,0.34901962,0.38431373,0.3647059,0.43137255,0.45882353,0.52156866,0.4509804,0.35686275,0.27450982,0.25882354,0.26666668,0.22745098,0.23529412,0.23921569,0.22745098,0.1882353,0.105882354,0.039215688,0.015686275,0.047058824,0.043137256,0.007843138,0.043137256,0.09411765,0.039215688,0.25490198,0.26666668,0.29411766,0.3019608,0.34509805,0.34509805,0.41960785,0.43137255,0.44705883,0.3882353,0.34509805,0.29411766,0.28235295,0.24313726,0.26666668,0.25882354,0.22352941,0.15294118,0.08627451,0.078431375,0.03137255,0.015686275,0.023529412,0.02745098,0.03529412,0.03137255,0.047058824,0.03529412,0.23529412,0.23137255,0.2784314,0.2784314,0.2784314,0.3647059,0.40392157,0.38039216,0.39215687,0.42745098,0.3647059,0.27058825,0.24313726,0.23529412,0.29803923,0.27450982,0.15294118,0.050980393,0.043137256,0.050980393,0.03529412,0.043137256,0.039215688,0.03137255,0.07450981,0.0627451,0.047058824,0.05882353,0.2784314,0.26666668,0.27450982,0.28627452,0.27058825,0.32941177,0.33333334,0.28235295,0.29411766,0.29411766,0.24705882,0.23921569,0.26666668,0.2627451,0.2784314,0.20392157,0.15294118,0.105882354,0.15686275,0.14117648,0.09019608,0.05490196,0.043137256,0.05490196,0.101960786,0.078431375,0.07450981,0.043137256,0.27450982,0.27450982,0.26666668,0.27450982,0.2901961,0.32941177,0.3372549,0.26666668,0.2901961,0.25882354,0.19607843,0.20392157,0.2627451,0.17254902,0.14117648,0.23921569,0.25490198,0.21176471,0.1764706,0.1254902,0.043137256,0.02745098,0.050980393,0.047058824,0.03137255,0.015686275,0.050980393,0.039215688,0.27058825,0.28235295,0.2627451,0.26666668,0.31764707,0.34509805,0.27058825,0.20392157,0.19607843,0.23529412,0.20392157,0.16470589,0.15294118,0.14117648,0.12941177,0.1882353,0.12156863,0.09803922,0.10980392,0.047058824,0.007843138,0.007843138,0.023529412,0.03529412,0.047058824,0.101960786,0.09803922,0.03137255,0.30980393,0.29411766,0.25490198,0.27058825,0.3019608,0.30588236,0.27058825,0.23137255,0.20392157,0.26666668,0.21960784,0.14901961,0.12941177,0.16470589,0.16862746,0.11372549,0.08235294,0.101960786,0.13333334,0.08627451,0.03137255,0.019607844,0.05882353,0.10980392,0.09803922,0.0627451,0.07450981,0.039215688,0.33333334,0.3372549,0.2901961,0.26666668,0.27058825,0.2784314,0.2627451,0.27450982,0.25490198,0.2627451,0.22352941,0.1764706,0.16078432,0.16078432,0.11372549,0.043137256,0.05882353,0.0627451,0.06666667,0.050980393,0.08235294,0.15294118,0.14509805,0.10980392,0.07058824,0.039215688,0.047058824,0.07058824,0.3137255,0.30980393,0.25490198,0.25490198,0.29803923,0.2901961,0.2784314,0.30588236,0.3254902,0.3372549,0.24705882,0.2,0.18431373,0.10980392,0.06666667,0.047058824,0.07450981,0.11372549,0.13725491,0.14901961,0.18039216,0.16470589,0.11764706,0.101960786,0.1254902,0.09803922,0.10980392,0.08627451,0.16862746,0.19607843,0.16862746,0.1882353,0.2509804,0.27058825,0.30588236,0.34901962,0.39607844,0.3137255,0.2509804,0.1764706,0.12941177,0.105882354,0.12156863,0.13725491,0.14901961,0.23137255,0.28235295,0.1882353,0.1254902,0.10980392,0.101960786,0.101960786,0.13333334,0.12941177,0.12941177,0.10980392,0.12941177,0.13333334,0.13333334,0.14901961,0.1764706,0.23137255,0.3019608,0.3372549,0.3372549,0.32156864,0.25882354,0.16862746,0.14117648,0.14901961,0.1764706,0.19215687,0.18431373,0.1764706,0.15686275,0.13725491,0.12156863,0.10980392,0.13333334,0.14509805,0.14117648,0.19215687,0.22352941,0.18039216,0.20392157,0.1882353,0.18039216,0.17254902,0.16470589,0.1882353,0.24313726,0.27450982,0.27058825,0.27450982,0.26666668,0.18431373,0.1764706,0.17254902,0.21176471,0.22352941,0.24705882,0.23921569,0.20392157,0.21960784,0.23137255,0.20392157,0.18431373,0.17254902,0.16862746,0.20784314,0.21176471,0.19607843,0.24313726,0.21176471,0.24313726,0.2627451,0.24705882,0.26666668,0.2784314,0.2901961,0.2627451,0.21176471,0.19607843,0.16078432,0.16862746,0.1764706,0.21176471,0.23921569,0.2509804,0.22352941,0.22745098,0.24705882,0.18431373,0.13333334,0.10980392,0.09803922,0.11764706,0.1254902,0.12941177,0.13333334,0.2,0.20784314,0.25490198,0.26666668,0.27058825,0.27450982,0.32941177,0.36078432,0.28627452,0.21568628,0.18039216,0.16078432,0.14509805,0.14509805,0.1882353,0.16862746,0.18431373,0.1764706,0.15686275,0.15686275,0.16078432,0.14901961,0.18431373,0.18431373,0.14509805,0.12941177,0.11764706,0.105882354,0.19215687,0.20784314,0.23921569,0.23137255,0.2509804,0.2509804,0.27058825,0.3372549,0.3372549,0.25490198,0.19215687,0.16078432,0.14117648,0.15686275,0.1764706,0.16862746,0.14509805,0.1254902,0.15294118,0.17254902,0.18039216,0.19215687,0.25490198,0.24313726,0.15686275,0.12156863,0.10980392,0.101960786,0.1882353,0.2,0.23137255,0.23529412,0.25882354,0.25490198,0.27058825,0.27058825,0.26666668,0.23529412,0.17254902,0.15294118,0.15294118,0.18039216,0.1882353,0.16470589,0.17254902,0.16862746,0.16862746,0.19215687,0.2,0.18039216,0.20392157,0.1882353,0.15686275,0.13725491,0.1254902,0.11372549,0.19215687,0.20784314,0.21568628,0.21568628,0.23137255,0.24313726,0.25490198,0.2509804,0.23921569,0.21960784,0.17254902,0.16078432,0.15686275,0.18039216,0.20784314,0.21176471,0.22352941,0.23921569,0.21176471,0.20784314,0.19607843,0.18431373,0.21960784,0.21568628,0.17254902,0.14901961,0.14117648,0.13333334,0.2,0.20784314,0.19607843,0.21176471,0.22352941,0.22352941,0.22352941,0.21176471,0.20392157,0.1764706,0.16078432,0.16078432,0.16078432,0.1764706,0.21568628,0.22745098,0.23921569,0.24705882,0.23137255,0.23529412,0.21960784,0.20784314,0.2,0.19607843,0.15686275,0.1764706,0.14509805,0.1254902
1,0.72156864,0.70980394,0.6901961,0.6745098,0.6666667,0.69411767,0.6901961,0.6862745,0.6901961,0.70980394,0.7411765,0.70980394,0.70980394,0.70980394,0.7529412,0.7411765,0.7176471,0.6862745,0.6666667,0.64705884,0.6627451,0.69411767,0.6862745,0.68235296,0.6745098,0.69803923,0.6901961,0.68235296,0.5529412,0.56078434,0.5686275,0.54901963,0.54901963,0.5686275,0.58431375,0.5568628,0.56078434,0.5764706,0.5921569,0.58431375,0.57254905,0.58431375,0.5921569,0.5921569,0.6313726,0.64705884,0.5882353,0.5882353,0.6117647,0.63529414,0.6,0.57254905,0.5568628,0.5411765,0.54901963,0.54901963,0.627451,0.54901963,0.5176471,0.53333336,0.5294118,0.5921569,0.6156863,0.57254905,0.5686275,0.54901963,0.5411765,0.54509807,0.5254902,0.5137255,0.5176471,0.5294118,0.54901963,0.5294118,0.52156866,0.5647059,0.5372549,0.56078434,0.5568628,0.53333336,0.54901963,0.53333336,0.5764706,0.6431373,0.5882353,0.6509804,0.60784316,0.627451,0.6,0.62352943,0.654902,0.60784316,0.5921569,0.5921569,0.58431375,0.5647059,0.54901963,0.54509807,0.5647059,0.57254905,0.5921569,0.5803922,0.5529412,0.5921569,0.56078434,0.59607846,0.59607846,0.5764706,0.5921569,0.58431375,0.57254905,0.5921569,0.60784316,0.7490196,0.77254903,0.6784314,0.61960787,0.5803922,0.5568628,0.6313726,0.70980394,0.6862745,0.65882355,0.64705884,0.61960787,0.5921569,0.6039216,0.6156863,0.6392157,0.64705884,0.59607846,0.6156863,0.5803922,0.5764706,0.6117647,0.5921569,0.627451,0.6666667,0.6509804,0.7254902,0.50980395,0.6784314,0.7607843,0.64705884,0.5882353,0.6313726,0.64705884,0.6745098,0.7607843,0.7607843,0.7647059,0.76862746,0.7254902,0.68235296,0.67058825,0.6784314,0.6745098,0.63529414,0.5921569,0.6039216,0.60784316,0.627451,0.6509804,0.6745098,0.72156864,0.79607844,0.78431374,0.7176471,0.6509804,0.6862745,0.6862745,0.6431373,0.63529414,0.69411767,0.72156864,0.73333335,0.7490196,0.62352943,0.50980395,0.64705884,0.79607844,0.7607843,0.7137255,0.6627451,0.6745098,0.6627451,0.68235296,0.69803923,0.72156864,0.73333335,0.7529412,0.81960785,0.80784315,0.8039216,0.79607844,0.7176471,0.65882355,0.61960787,0.59607846,0.5647059,0.6156863,0.68235296,0.74509805,0.7254902,0.63529414,0.53333336,0.52156866,0.6862745,0.8784314,0.8509804,0.8392157,0.76862746,0.7764706,0.81960785,0.78431374,0.75686276,0.77254903,0.74509805,0.78039217,0.85490197,0.8509804,0.84705883,0.8509804,0.79607844,0.5764706,0.5686275,0.5921569,0.5686275,0.54901963,0.60784316,0.70980394,0.7764706,0.7882353,0.8627451,0.8901961,0.8784314,0.8156863,0.8156863,0.85882354,0.8745098,0.8509804,0.8666667,0.87058824,0.78431374,0.83137256,0.84705883,0.8039216,0.85490197,0.8039216,0.7882353,0.85490197,0.80784315,0.5411765,0.5137255,0.5058824,0.5372549,0.54901963,0.5803922,0.65882355,0.7372549,0.78039217,0.7764706,0.8352941,0.8235294,0.8,0.8117647,0.8039216,0.8509804,0.85882354,0.84313726,0.84313726,0.8117647,0.78431374,0.7490196,0.76862746,0.7607843,0.74509805,0.79607844,0.78039217,0.74509805,0.46666667,0.48235294,0.48235294,0.50980395,0.5137255,0.5294118,0.56078434,0.654902,0.6901961,0.7372549,0.7490196,0.73333335,0.7137255,0.7607843,0.7764706,0.83137256,0.7882353,0.7372549,0.7176471,0.7058824,0.7058824,0.68235296,0.75686276,0.7411765,0.72156864,0.7176471,0.69803923,0.7058824,0.40392157,0.4117647,0.40784314,0.44313726,0.45882353,0.4862745,0.5529412,0.6509804,0.7607843,0.7921569,0.74509805,0.69411767,0.627451,0.63529414,0.6784314,0.7137255,0.72156864,0.6784314,0.7058824,0.7058824,0.7176471,0.7137255,0.73333335,0.74509805,0.70980394,0.7176471,0.7058824,0.6666667,0.39607844,0.34901962,0.34509805,0.41568628,0.49411765,0.50980395,0.6156863,0.6509804,0.68235296,0.69411767,0.65882355,0.63529414,0.6509804,0.64705884,0.7019608,0.73333335,0.7411765,0.72156864,0.6862745,0.6666667,0.6509804,0.69803923,0.72156864,0.6784314,0.6313726,0.6,0.5647059,0.56078434,0.34117648,0.32941177,0.31764707,0.37254903,0.44705883,0.49411765,0.56078434,0.6431373,0.7058824,0.7254902,0.7411765,0.7607843,0.78431374,0.7411765,0.7019608,0.6509804,0.6627451,0.6784314,0.6862745,0.654902,0.59607846,0.58431375,0.5764706,0.57254905,0.48235294,0.41568628,0.39607844,0.39607844,0.2627451,0.25882354,0.29411766,0.4,0.45490196,0.5411765,0.6313726,0.6509804,0.6313726,0.6431373,0.6431373,0.63529414,0.6039216,0.5803922,0.5294118,0.5058824,0.5294118,0.5568628,0.5568628,0.5019608,0.49019608,0.5019608,0.48235294,0.49019608,0.41960785,0.34117648,0.31764707,0.30588236,0.25882354,0.23921569,0.2509804,0.33333334,0.36078432,0.38431373,0.41960785,0.45490196,0.4627451,0.5058824,0.5647059,0.54509807,0.5254902,0.47058824,0.45490196,0.41960785,0.44313726,0.49803922,0.5254902,0.5058824,0.43137255,0.37254903,0.32156864,0.27058825,0.23529412,0.20784314,0.21176471,0.20392157,0.13725491,0.14509805,0.16470589,0.22352941,0.2627451,0.32156864,0.38039216,0.4,0.43137255,0.4862745,0.5019608,0.47843137,0.49411765,0.5176471,0.58431375,0.56078434,0.5411765,0.5294118,0.5058824,0.42745098,0.2901961,0.25490198,0.22745098,0.18039216,0.19215687,0.18039216,0.15686275,0.14117648,0.10980392,0.12941177,0.15294118,0.1882353,0.2627451,0.34901962,0.4392157,0.47058824,0.5176471,0.5764706,0.6117647,0.5764706,0.54901963,0.5294118,0.54509807,0.54901963,0.4745098,0.4627451,0.47058824,0.34509805,0.24705882,0.2,0.16470589,0.14117648,0.14509805,0.14117648,0.105882354,0.101960786,0.15686275,0.18039216,0.24705882,0.32941177,0.39607844,0.5058824,0.5372549,0.59607846,0.654902,0.73333335,0.7921569,0.73333335,0.6392157,0.62352943,0.58431375,0.5647059,0.5019608,0.4627451,0.43529412,0.4,0.32941177,0.25882354,0.1764706,0.13725491,0.10980392,0.08235294,0.07058824,0.06666667,0.21960784,0.2784314,0.34117648,0.38039216,0.4117647,0.47058824,0.5254902,0.5372549,0.5372549,0.5568628,0.5686275,0.5686275,0.5882353,0.60784316,0.6156863,0.6392157,0.6509804,0.627451,0.63529414,0.6392157,0.5764706,0.45490196,0.35686275,0.27058825,0.1764706,0.10980392,0.07058824,0.05490196,0.1764706,0.20392157,0.23529412,0.25490198,0.28235295,0.30980393,0.36862746,0.4117647,0.40392157,0.44705883,0.4509804,0.43529412,0.42745098,0.41960785,0.43137255,0.46666667,0.47058824,0.4509804,0.45882353,0.4509804,0.34509805,0.26666668,0.1764706,0.16470589,0.14509805,0.10980392,0.07058824,0.06666667,0.14117648,0.16470589,0.19607843,0.23137255,0.24313726,0.25882354,0.29803923,0.31764707,0.3372549,0.36862746,0.38431373,0.37254903,0.3647059,0.3529412,0.37254903,0.38039216,0.37254903,0.34509805,0.32941177,0.29803923,0.24705882,0.1764706,0.09803922,0.07450981,0.0627451,0.0627451,0.07058824,0.12156863,0.11372549,0.14509805,0.1882353,0.23137255,0.26666668,0.2901961,0.3254902,0.3647059,0.34901962,0.38039216,0.3764706,0.34901962,0.34901962,0.34117648,0.34117648,0.32156864,0.32941177,0.29803923,0.27058825,0.2627451,0.24313726,0.16470589,0.08627451,0.0627451,0.05490196,0.050980393,0.05882353,0.078431375,0.11764706,0.13333334,0.19215687,0.21960784,0.24313726,0.28235295,0.29803923,0.29803923,0.29803923,0.33333334,0.34901962,0.32156864,0.3137255,0.3019608,0.29803923,0.28627452,0.2784314,0.25882354,0.22745098,0.24313726,0.23137255,0.16470589,0.09019608,0.05882353,0.047058824,0.043137256,0.043137256,0.047058824,0.11372549,0.1254902,0.15686275,0.1882353,0.20784314,0.23529412,0.25882354,0.2627451,0.27450982,0.28627452,0.28627452,0.28235295,0.26666668,0.26666668,0.2627451,0.2509804,0.24705882,0.23137255,0.1882353,0.18039216,0.15294118,0.11764706,0.05490196,0.050980393,0.043137256,0.039215688,0.039215688,0.039215688,0.09019608,0.105882354,0.13333334,0.15686275,0.1764706,0.2,0.22745098,0.23137255,0.25490198,0.2509804,0.25490198,0.25882354,0.24313726,0.22352941,0.23921569,0.23529412,0.22352941,0.2,0.16470589,0.16078432,0.14509805,0.101960786,0.0627451,0.047058824,0.043137256,0.043137256,0.043137256,0.039215688,0.09019608,0.105882354,0.12156863,0.13333334,0.14901961,0.17254902,0.19215687,0.21568628,0.21960784,0.21960784,0.21568628,0.20784314,0.2,0.19607843,0.2,0.19215687,0.1764706,0.16862746,0.14117648,0.13725491,0.12941177,0.09411765,0.05882353,0.047058824,0.043137256,0.039215688,0.02745098,0.02745098,0.08627451,0.09411765,0.10980392,0.11764706,0.1254902,0.15294118,0.16470589,0.16470589,0.18431373,0.18431373,0.19607843,0.19607843,0.18431373,0.17254902,0.16470589,0.14901961,0.14901961,0.13333334,0.11764706,0.11372549,0.101960786,0.078431375,0.05882353,0.043137256,0.03137255,0.03137255,0.02745098,0.03137255
1,0.69411767,0.6901961,0.6627451,0.63529414,0.654902,0.6627451,0.6431373,0.6392157,0.6313726,0.67058825,0.6901961,0.69411767,0.6509804,0.654902,0.67058825,0.64705884,0.6156863,0.64705884,0.6627451,0.6627451,0.7411765,0.6901961,0.67058825,0.68235296,0.67058825,0.6627451,0.64705884,0.6431373,0.7058824,0.7176471,0.69411767,0.6666667,0.65882355,0.7137255,0.7176471,0.6784314,0.6901961,0.72156864,0.7294118,0.7529412,0.76862746,0.77254903,0.7254902,0.68235296,0.6313726,0.6862745,0.7254902,0.7294118,0.8235294,0.7921569,0.7529412,0.75686276,0.7411765,0.7490196,0.7411765,0.7176471,0.6784314,0.68235296,0.6666667,0.64705884,0.6627451,0.6745098,0.6666667,0.65882355,0.6784314,0.6627451,0.6431373,0.6784314,0.69411767,0.6431373,0.6117647,0.5882353,0.5803922,0.627451,0.65882355,0.6431373,0.6509804,0.6392157,0.64705884,0.68235296,0.7058824,0.69803923,0.68235296,0.68235296,0.7529412,0.7490196,0.6745098,0.67058825,0.7137255,0.69411767,0.6313726,0.6156863,0.64705884,0.6431373,0.627451,0.61960787,0.6627451,0.6627451,0.6509804,0.627451,0.61960787,0.69803923,0.7372549,0.7019608,0.6862745,0.68235296,0.65882355,0.64705884,0.7058824,0.7254902,0.72156864,0.7058824,0.79607844,0.79607844,0.70980394,0.70980394,0.72156864,0.68235296,0.5529412,0.5058824,0.5882353,0.6627451,0.6745098,0.68235296,0.69411767,0.69803923,0.72156864,0.69803923,0.6784314,0.6745098,0.69411767,0.6784314,0.6745098,0.6745098,0.6901961,0.6509804,0.6901961,0.67058825,0.54509807,0.4627451,0.81960785,0.78039217,0.7176471,0.7176471,0.72156864,0.654902,0.48235294,0.40784314,0.45882353,0.5294118,0.5176471,0.4627451,0.44313726,0.48235294,0.5921569,0.6666667,0.6784314,0.6666667,0.6509804,0.64705884,0.654902,0.62352943,0.64705884,0.6745098,0.65882355,0.5764706,0.5529412,0.6156863,0.8039216,0.74509805,0.6745098,0.6627451,0.6,0.4745098,0.39215687,0.33333334,0.36078432,0.40784314,0.41568628,0.38039216,0.4,0.4,0.41568628,0.4627451,0.49411765,0.49019608,0.53333336,0.5254902,0.5568628,0.5921569,0.67058825,0.7019608,0.69411767,0.61960787,0.5921569,0.5686275,0.7764706,0.7019608,0.6745098,0.67058825,0.62352943,0.5019608,0.42745098,0.38431373,0.3764706,0.42745098,0.4509804,0.43137255,0.4862745,0.47058824,0.45490196,0.42745098,0.44705883,0.5019608,0.5294118,0.4862745,0.52156866,0.6117647,0.6392157,0.6392157,0.654902,0.6,0.57254905,0.6,0.827451,0.70980394,0.6392157,0.64705884,0.5921569,0.5058824,0.48235294,0.4509804,0.44313726,0.5137255,0.5529412,0.5137255,0.5882353,0.5647059,0.5019608,0.50980395,0.49803922,0.47058824,0.4745098,0.46666667,0.46666667,0.50980395,0.6039216,0.65882355,0.68235296,0.63529414,0.5686275,0.627451,0.654902,0.5647059,0.47058824,0.4392157,0.41568628,0.4,0.46666667,0.50980395,0.5411765,0.6039216,0.68235296,0.7764706,0.7764706,0.6901961,0.627451,0.65882355,0.58431375,0.46666667,0.4509804,0.45490196,0.41960785,0.49411765,0.5882353,0.6509804,0.69411767,0.6509804,0.5764706,0.54509807,0.50980395,0.53333336,0.5529412,0.5137255,0.37254903,0.32156864,0.41960785,0.47058824,0.52156866,0.53333336,0.5803922,0.7019608,0.7764706,0.7411765,0.68235296,0.60784316,0.54901963,0.49019608,0.4392157,0.41960785,0.41960785,0.48235294,0.5764706,0.61960787,0.63529414,0.59607846,0.49803922,0.4627451,0.42352942,0.43137255,0.40784314,0.3529412,0.32156864,0.30980393,0.35686275,0.3764706,0.44313726,0.46666667,0.4392157,0.52156866,0.7058824,0.67058825,0.5647059,0.49019608,0.50980395,0.5137255,0.4509804,0.43529412,0.41960785,0.4509804,0.5058824,0.54901963,0.5764706,0.5176471,0.4509804,0.4509804,0.5372549,0.5137255,0.49411765,0.40784314,0.34509805,0.2784314,0.36862746,0.42745098,0.46666667,0.41568628,0.36078432,0.38431373,0.40784314,0.38431373,0.34117648,0.33333334,0.41960785,0.49803922,0.45490196,0.43529412,0.45882353,0.4745098,0.5176471,0.5411765,0.5176471,0.50980395,0.5058824,0.5058824,0.39607844,0.42745098,0.44705883,0.43137255,0.36078432,0.25490198,0.30980393,0.4,0.40784314,0.34901962,0.32941177,0.36862746,0.3372549,0.3019608,0.25882354,0.26666668,0.3647059,0.5176471,0.5019608,0.50980395,0.58431375,0.6156863,0.64705884,0.6431373,0.6313726,0.63529414,0.6156863,0.6156863,0.3137255,0.29803923,0.28627452,0.28627452,0.23529412,0.21960784,0.2509804,0.29411766,0.29411766,0.30980393,0.36078432,0.37254903,0.3137255,0.28235295,0.25882354,0.24705882,0.2509804,0.3254902,0.43529412,0.45490196,0.4862745,0.52156866,0.57254905,0.60784316,0.5882353,0.63529414,0.72156864,0.7294118,0.29803923,0.2627451,0.21960784,0.19215687,0.16862746,0.23921569,0.27450982,0.29411766,0.28627452,0.28627452,0.30588236,0.28235295,0.2627451,0.2509804,0.24705882,0.23529412,0.22352941,0.23529412,0.23137255,0.2509804,0.3647059,0.4627451,0.5529412,0.5921569,0.5411765,0.5372549,0.53333336,0.5294118,0.29803923,0.26666668,0.19607843,0.1764706,0.17254902,0.21960784,0.25882354,0.2784314,0.27058825,0.25882354,0.27450982,0.27058825,0.24705882,0.23137255,0.22745098,0.23529412,0.22745098,0.21176471,0.1882353,0.18431373,0.2901961,0.40784314,0.4862745,0.49411765,0.45882353,0.46666667,0.47058824,0.54509807,0.27058825,0.25882354,0.19607843,0.16470589,0.17254902,0.20392157,0.2509804,0.27058825,0.24705882,0.23921569,0.2627451,0.25490198,0.25882354,0.23921569,0.23137255,0.22745098,0.21960784,0.19607843,0.17254902,0.16470589,0.20392157,0.29411766,0.36078432,0.36078432,0.32941177,0.3647059,0.45882353,0.53333336,0.27450982,0.23921569,0.20784314,0.18431373,0.19607843,0.21568628,0.24705882,0.25490198,0.25490198,0.27058825,0.28235295,0.23921569,0.23921569,0.23921569,0.23529412,0.22745098,0.2,0.1882353,0.16862746,0.14117648,0.14901961,0.18431373,0.21176471,0.22352941,0.25882354,0.2901961,0.39215687,0.47058824,0.26666668,0.22745098,0.20392157,0.19607843,0.22352941,0.22745098,0.23529412,0.24705882,0.2627451,0.3137255,0.32156864,0.25882354,0.22745098,0.22352941,0.21960784,0.21568628,0.18431373,0.16078432,0.16470589,0.13725491,0.13333334,0.15686275,0.17254902,0.18431373,0.19215687,0.20784314,0.24705882,0.31764707,0.4117647,0.34509805,0.2901961,0.26666668,0.2627451,0.25882354,0.25490198,0.2509804,0.2784314,0.3254902,0.29803923,0.27058825,0.24313726,0.22745098,0.21176471,0.19607843,0.18039216,0.16078432,0.15294118,0.14117648,0.1254902,0.13333334,0.14509805,0.16078432,0.17254902,0.1764706,0.18431373,0.20784314,0.42745098,0.41568628,0.39607844,0.38039216,0.3764706,0.38431373,0.36862746,0.3529412,0.34509805,0.34117648,0.30588236,0.2901961,0.25882354,0.24705882,0.23137255,0.20784314,0.18431373,0.18039216,0.1764706,0.14509805,0.1254902,0.12941177,0.14509805,0.16470589,0.1764706,0.16470589,0.17254902,0.1882353,0.3254902,0.30980393,0.32156864,0.33333334,0.35686275,0.40392157,0.40784314,0.42745098,0.4,0.39607844,0.40784314,0.38431373,0.3254902,0.2627451,0.24313726,0.22745098,0.21568628,0.18431373,0.16470589,0.14509805,0.12941177,0.13725491,0.14509805,0.15686275,0.16862746,0.16078432,0.16862746,0.1764706,0.31764707,0.2784314,0.28235295,0.29803923,0.30980393,0.34901962,0.35686275,0.37254903,0.38039216,0.4117647,0.42352942,0.43529412,0.42352942,0.36862746,0.2901961,0.23529412,0.21176471,0.1764706,0.16078432,0.14509805,0.13725491,0.13333334,0.13725491,0.15294118,0.16078432,0.15294118,0.15294118,0.15686275,0.4,0.36862746,0.38431373,0.4117647,0.3882353,0.4392157,0.48235294,0.3764706,0.40392157,0.47058824,0.46666667,0.45490196,0.44313726,0.43137255,0.34117648,0.27058825,0.23529412,0.2,0.18431373,0.16470589,0.14117648,0.1254902,0.12941177,0.13333334,0.14117648,0.14509805,0.15686275,0.17254902,0.36078432,0.3254902,0.35686275,0.3764706,0.3372549,0.38039216,0.39607844,0.33333334,0.3647059,0.42745098,0.45882353,0.4745098,0.4745098,0.4745098,0.41960785,0.3647059,0.32156864,0.27450982,0.23529412,0.20784314,0.19215687,0.18039216,0.16470589,0.15294118,0.16470589,0.16862746,0.16862746,0.1764706,0.32941177,0.29803923,0.2784314,0.2784314,0.2784314,0.28627452,0.29411766,0.31764707,0.3372549,0.36078432,0.38431373,0.4,0.40784314,0.42352942,0.42745098,0.41568628,0.40392157,0.34901962,0.30588236,0.27450982,0.2509804,0.23529412,0.23137255,0.20784314,0.20392157,0.20784314,0.20392157,0.22745098,0.3372549,0.3254902,0.29411766,0.26666668,0.25882354,0.2509804,0.26666668,0.30980393,0.33333334,0.34901962,0.35686275,0.36078432,0.40392157,0.41568628,0.40392157,0.39215687,0.36078432,0.3137255,0.29411766,0.2784314,0.26666668,0.24705882,0.24313726,0.25490198,0.2509804,0.25882354,0.25882354,0.26666668
1,0.6117647,0.60784316,0.5921569,0.58431375,0.58431375,0.5882353,0.58431375,0.59607846,0.5882353,0.5647059,0.5686275,0.58431375,0.6,0.6117647,0.6117647,0.6117647,0.60784316,0.62352943,0.6313726,0.6117647,0.59607846,0.6,0.6039216,0.6156863,0.6313726,0.6392157,0.6666667,0.6862745,0.6431373,0.65882355,0.6509804,0.6627451,0.6627451,0.6313726,0.6392157,0.654902,0.65882355,0.6392157,0.6431373,0.68235296,0.7058824,0.7019608,0.65882355,0.6156863,0.6156863,0.6627451,0.6666667,0.6392157,0.6156863,0.5882353,0.5411765,0.5411765,0.6,0.62352943,0.61960787,0.6313726,0.4392157,0.4392157,0.4509804,0.45882353,0.4509804,0.45490196,0.49019608,0.49019608,0.4862745,0.5019608,0.5176471,0.5647059,0.5764706,0.5803922,0.6156863,0.64705884,0.64705884,0.70980394,0.7058824,0.6627451,0.58431375,0.5254902,0.5176471,0.5372549,0.5254902,0.53333336,0.52156866,0.54509807,0.45882353,0.5137255,0.56078434,0.58431375,0.54509807,0.5137255,0.49803922,0.5137255,0.50980395,0.5411765,0.5647059,0.62352943,0.59607846,0.5568628,0.5254902,0.5254902,0.6039216,0.6862745,0.72156864,0.7137255,0.64705884,0.62352943,0.6313726,0.6509804,0.7019608,0.72156864,0.72156864,0.73333335,0.63529414,0.6431373,0.6039216,0.6039216,0.63529414,0.63529414,0.6901961,0.68235296,0.69411767,0.7294118,0.70980394,0.65882355,0.58431375,0.57254905,0.5568628,0.5294118,0.5294118,0.61960787,0.72156864,0.75686276,0.7411765,0.73333335,0.7254902,0.6901961,0.72156864,0.74509805,0.7254902,0.70980394,0.61960787,0.58431375,0.56078434,0.5764706,0.6039216,0.62352943,0.6862745,0.72156864,0.6745098,0.627451,0.6666667,0.7294118,0.7372549,0.68235296,0.6156863,0.62352943,0.6156863,0.69411767,0.7607843,0.74509805,0.69803923,0.6627451,0.654902,0.6039216,0.654902,0.7176471,0.7529412,0.78431374,0.47058824,0.49803922,0.627451,0.6509804,0.654902,0.6627451,0.7294118,0.68235296,0.6156863,0.5647059,0.64705884,0.7411765,0.75686276,0.68235296,0.5803922,0.6039216,0.6627451,0.72156864,0.72156864,0.70980394,0.6901961,0.6784314,0.627451,0.6392157,0.69803923,0.7019608,0.6862745,0.7058824,0.3647059,0.44705883,0.5803922,0.65882355,0.654902,0.63529414,0.6313726,0.62352943,0.6,0.5764706,0.60784316,0.5686275,0.61960787,0.627451,0.5764706,0.6039216,0.69411767,0.7137255,0.6901961,0.70980394,0.7490196,0.74509805,0.7137255,0.7137255,0.70980394,0.67058825,0.6117647,0.6117647,0.31764707,0.39607844,0.44705883,0.4745098,0.5019608,0.48235294,0.46666667,0.4509804,0.44313726,0.44313726,0.5176471,0.5921569,0.6392157,0.6313726,0.7058824,0.7607843,0.74509805,0.7176471,0.6862745,0.67058825,0.69411767,0.73333335,0.7294118,0.7019608,0.6392157,0.57254905,0.58431375,0.59607846,0.30588236,0.42745098,0.5529412,0.6117647,0.6156863,0.5568628,0.4745098,0.4627451,0.5019608,0.5372549,0.58431375,0.6,0.54901963,0.5568628,0.72156864,0.7921569,0.78431374,0.7137255,0.6,0.6039216,0.67058825,0.7254902,0.74509805,0.76862746,0.7607843,0.6862745,0.6156863,0.5411765,0.40784314,0.47058824,0.48235294,0.52156866,0.58431375,0.5921569,0.5568628,0.5686275,0.6156863,0.67058825,0.654902,0.64705884,0.6745098,0.6784314,0.7058824,0.6901961,0.6745098,0.654902,0.60784316,0.59607846,0.60784316,0.64705884,0.6392157,0.5803922,0.5294118,0.45882353,0.38431373,0.36078432,0.39215687,0.41568628,0.42352942,0.45882353,0.49411765,0.50980395,0.53333336,0.5882353,0.5803922,0.5529412,0.5647059,0.56078434,0.5411765,0.5529412,0.5686275,0.6117647,0.6,0.52156866,0.44705883,0.42352942,0.41568628,0.43529412,0.4392157,0.42745098,0.41568628,0.41960785,0.40392157,0.40392157,0.44705883,0.5176471,0.5568628,0.59607846,0.6117647,0.5764706,0.56078434,0.58431375,0.5294118,0.44705883,0.37254903,0.36078432,0.40784314,0.4117647,0.41568628,0.41960785,0.41568628,0.36862746,0.31764707,0.3137255,0.32941177,0.40392157,0.4745098,0.5137255,0.5137255,0.5372549,0.5176471,0.47843137,0.45882353,0.5764706,0.6509804,0.68235296,0.65882355,0.62352943,0.5529412,0.5411765,0.5294118,0.54901963,0.4862745,0.39215687,0.43137255,0.42352942,0.41568628,0.43137255,0.40392157,0.3647059,0.3019608,0.30588236,0.3372549,0.4392157,0.5686275,0.59607846,0.60784316,0.56078434,0.54509807,0.5372549,0.36862746,0.47843137,0.5764706,0.5921569,0.5176471,0.49019608,0.4745098,0.43529412,0.42745098,0.43137255,0.38431373,0.37254903,0.38431373,0.4,0.41960785,0.4627451,0.43529412,0.42745098,0.41568628,0.4745098,0.5176471,0.57254905,0.6117647,0.5921569,0.54509807,0.4745098,0.41568628,0.35686275,0.3647059,0.38431373,0.43529412,0.49803922,0.48235294,0.45490196,0.49019608,0.5254902,0.52156866,0.49411765,0.46666667,0.50980395,0.54901963,0.5803922,0.627451,0.6666667,0.6313726,0.5764706,0.5411765,0.5294118,0.5254902,0.5058824,0.47058824,0.44313726,0.3764706,0.3372549,0.2901961,0.25882354,0.24313726,0.30588236,0.3254902,0.3019608,0.30980393,0.34509805,0.41960785,0.49019608,0.5411765,0.5647059,0.5529412,0.5529412,0.5882353,0.58431375,0.5764706,0.5803922,0.5686275,0.5176471,0.4627451,0.40784314,0.38431373,0.39215687,0.4,0.35686275,0.33333334,0.29803923,0.28627452,0.32156864,0.21568628,0.24313726,0.2901961,0.3019608,0.2901961,0.3254902,0.3882353,0.49411765,0.5294118,0.5411765,0.53333336,0.53333336,0.53333336,0.53333336,0.5294118,0.5294118,0.4862745,0.45882353,0.40392157,0.32941177,0.27450982,0.23921569,0.23921569,0.24313726,0.2784314,0.2784314,0.27058825,0.29803923,0.23529412,0.27058825,0.34901962,0.32941177,0.28627452,0.2901961,0.34509805,0.45882353,0.45882353,0.46666667,0.47843137,0.5019608,0.5019608,0.47058824,0.44313726,0.4745098,0.43137255,0.41960785,0.38039216,0.38431373,0.36862746,0.33333334,0.33333334,0.32941177,0.3254902,0.32941177,0.34509805,0.3647059,0.3372549,0.34901962,0.36078432,0.2901961,0.24313726,0.23137255,0.3019608,0.38039216,0.41960785,0.4862745,0.53333336,0.5411765,0.52156866,0.46666667,0.4392157,0.4862745,0.4862745,0.46666667,0.39607844,0.39607844,0.40784314,0.38431373,0.36078432,0.34509805,0.33333334,0.32941177,0.3137255,0.2901961,0.28235295,0.2901961,0.25882354,0.21960784,0.19215687,0.21568628,0.2901961,0.3254902,0.36078432,0.42352942,0.44705883,0.4509804,0.44705883,0.39215687,0.39215687,0.42352942,0.41568628,0.4,0.36862746,0.34901962,0.33333334,0.33333334,0.34117648,0.3254902,0.27450982,0.23529412,0.21568628,0.19607843,0.29803923,0.28235295,0.21176471,0.16078432,0.14117648,0.12941177,0.16078432,0.2,0.22745098,0.23921569,0.24313726,0.2784314,0.3019608,0.27058825,0.26666668,0.2627451,0.26666668,0.24313726,0.21960784,0.2,0.21176471,0.23921569,0.21960784,0.22745098,0.20784314,0.19215687,0.19607843,0.20392157,0.2,0.1764706,0.13725491,0.11372549,0.10980392,0.11372549,0.14117648,0.18431373,0.21568628,0.22745098,0.21960784,0.21568628,0.21176471,0.20392157,0.19607843,0.20392157,0.2,0.18039216,0.16470589,0.16862746,0.15686275,0.15686275,0.14509805,0.16078432,0.16078432,0.14901961,0.16470589,0.18039216,0.11372549,0.09019608,0.07058824,0.078431375,0.09019608,0.11372549,0.17254902,0.2,0.24705882,0.23921569,0.23921569,0.23529412,0.22352941,0.23921569,0.20784314,0.19607843,0.19215687,0.16862746,0.18431373,0.20392157,0.1764706,0.14901961,0.12156863,0.14117648,0.13725491,0.11764706,0.11764706,0.12941177,0.078431375,0.078431375,0.0627451,0.06666667,0.07058824,0.08627451,0.11764706,0.16470589,0.19607843,0.21176471,0.21568628,0.21568628,0.21960784,0.23921569,0.20392157,0.1882353,0.16862746,0.14901961,0.14509805,0.13333334,0.11764706,0.101960786,0.09019608,0.09019608,0.09019608,0.08627451,0.08627451,0.09411765,0.078431375,0.07450981,0.07450981,0.07058824,0.07058824,0.09019608,0.14901961,0.16078432,0.14901961,0.18039216,0.23921569,0.25882354,0.22745098,0.1882353,0.19215687,0.17254902,0.14901961,0.12941177,0.11764706,0.11372549,0.11764706,0.10980392,0.11372549,0.13725491,0.14117648,0.105882354,0.09019608,0.105882354,0.07450981,0.07450981,0.07058824,0.06666667,0.07058824,0.07450981,0.09019608,0.11372549,0.11764706,0.11372549,0.12156863,0.1254902,0.10980392,0.101960786,0.11372549,0.11372549,0.105882354,0.09019608,0.07058824,0.06666667,0.07058824,0.078431375,0.08627451,0.10980392,0.12156863,0.11372549,0.11764706,0.1254902,0.08235294,0.07450981,0.05882353,0.06666667,0.05882353,0.047058824,0.05490196,0.078431375,0.08627451,0.08235294,0.09019608,0.09803922,0.09411765,0.09019608,0.07058824,0.08235294,0.08627451,0.07058824,0.0627451,0.05882353,0.05490196,0.050980393,0.05882353,0.05490196,0.0627451,0.0627451,0.07058824,0.06666667
1,0.65882355,0.6509804,0.654902,0.63529414,0.627451,0.67058825,0.654902,0.64705884,0.6509804,0.6392157,0.6392157,0.63529414,0.62352943,0.62352943,0.60784316,0.6313726,0.6313726,0.6392157,0.63529414,0.60784316,0.6509804,0.6666667,0.6745098,0.6745098,0.68235296,0.68235296,0.6862745,0.7176471,0.54509807,0.5372549,0.50980395,0.5294118,0.56078434,0.5764706,0.5058824,0.4745098,0.5529412,0.6,0.5686275,0.54509807,0.5372549,0.54901963,0.5372549,0.5372549,0.5372549,0.57254905,0.5803922,0.5686275,0.58431375,0.6039216,0.627451,0.60784316,0.6117647,0.6039216,0.6,0.5921569,0.53333336,0.5803922,0.5254902,0.44705883,0.43137255,0.40784314,0.36862746,0.37254903,0.40392157,0.41568628,0.40784314,0.41568628,0.42745098,0.42745098,0.4117647,0.4392157,0.4627451,0.52156866,0.50980395,0.4862745,0.49411765,0.54509807,0.54509807,0.5137255,0.5019608,0.4862745,0.49411765,0.5058824,0.49411765,0.5019608,0.45490196,0.49411765,0.5176471,0.4627451,0.41960785,0.39607844,0.40784314,0.41568628,0.38431373,0.42745098,0.4509804,0.4392157,0.41960785,0.41568628,0.46666667,0.5019608,0.5058824,0.5294118,0.47843137,0.5137255,0.5137255,0.5058824,0.5019608,0.52156866,0.5568628,0.5372549,0.5764706,0.5137255,0.47058824,0.4745098,0.50980395,0.52156866,0.49803922,0.45882353,0.44705883,0.46666667,0.47058824,0.54509807,0.53333336,0.5176471,0.49411765,0.48235294,0.49803922,0.53333336,0.5803922,0.5921569,0.54901963,0.60784316,0.6156863,0.6117647,0.6313726,0.6117647,0.62352943,0.6392157,0.627451,0.6,0.57254905,0.54509807,0.5411765,0.5372549,0.5294118,0.5176471,0.49411765,0.5176471,0.5411765,0.5686275,0.56078434,0.58431375,0.61960787,0.6156863,0.627451,0.69803923,0.7647059,0.7921569,0.7882353,0.827451,0.85882354,0.8862745,0.87058824,0.7882353,0.7647059,0.75686276,0.69411767,0.77254903,0.7921569,0.7529412,0.70980394,0.6431373,0.57254905,0.5764706,0.60784316,0.59607846,0.5921569,0.60784316,0.6745098,0.68235296,0.69803923,0.6666667,0.67058825,0.7294118,0.7529412,0.7764706,0.73333335,0.7411765,0.7921569,0.7764706,0.7411765,0.69803923,0.74509805,0.8039216,0.5647059,0.63529414,0.7607843,0.8039216,0.8666667,0.85490197,0.78431374,0.6745098,0.6627451,0.67058825,0.70980394,0.7490196,0.7058824,0.6784314,0.7411765,0.69803923,0.62352943,0.627451,0.627451,0.53333336,0.5294118,0.5686275,0.59607846,0.6117647,0.6313726,0.61960787,0.64705884,0.68235296,0.42352942,0.5058824,0.6784314,0.80784315,0.827451,0.8117647,0.81960785,0.7882353,0.8235294,0.85490197,0.88235295,0.8352941,0.7529412,0.77254903,0.7490196,0.72156864,0.6666667,0.5882353,0.4509804,0.4392157,0.52156866,0.6117647,0.6,0.60784316,0.654902,0.6039216,0.5921569,0.6784314,0.31764707,0.39215687,0.45882353,0.5294118,0.6039216,0.627451,0.6392157,0.7058824,0.7529412,0.7647059,0.77254903,0.7490196,0.77254903,0.7058824,0.65882355,0.6901961,0.63529414,0.49803922,0.39215687,0.41960785,0.5019608,0.59607846,0.6039216,0.63529414,0.63529414,0.6509804,0.7019608,0.77254903,0.22352941,0.20784314,0.21568628,0.26666668,0.29411766,0.35686275,0.4627451,0.47058824,0.57254905,0.54509807,0.5372549,0.47058824,0.5411765,0.6,0.61960787,0.6117647,0.58431375,0.43529412,0.36078432,0.4,0.47843137,0.5764706,0.5882353,0.6,0.654902,0.7647059,0.7647059,0.6901961,0.33333334,0.3019608,0.1882353,0.19215687,0.19607843,0.23529412,0.43137255,0.42745098,0.41568628,0.48235294,0.5411765,0.4392157,0.5294118,0.5411765,0.45490196,0.47843137,0.5137255,0.40784314,0.3764706,0.38431373,0.4627451,0.53333336,0.5568628,0.6431373,0.70980394,0.6392157,0.49803922,0.43137255,0.3764706,0.57254905,0.53333336,0.4862745,0.40392157,0.39215687,0.5176471,0.4745098,0.43529412,0.4392157,0.4117647,0.40784314,0.48235294,0.44705883,0.34509805,0.33333334,0.3647059,0.3529412,0.38431373,0.42745098,0.5254902,0.654902,0.6627451,0.62352943,0.54901963,0.4862745,0.4627451,0.45882353,0.25490198,0.47058824,0.58431375,0.6313726,0.62352943,0.5921569,0.5647059,0.52156866,0.40784314,0.3647059,0.3372549,0.29411766,0.31764707,0.29803923,0.25490198,0.2509804,0.2901961,0.31764707,0.36078432,0.49019608,0.62352943,0.6431373,0.6,0.5294118,0.50980395,0.5294118,0.5176471,0.50980395,0.27058825,0.3882353,0.49411765,0.5568628,0.50980395,0.43137255,0.4,0.45882353,0.4509804,0.34901962,0.23529412,0.16862746,0.18431373,0.20784314,0.22352941,0.24313726,0.30980393,0.28627452,0.35686275,0.47843137,0.5137255,0.5019608,0.5294118,0.5137255,0.5058824,0.46666667,0.47058824,0.54901963,0.27450982,0.29803923,0.30980393,0.36862746,0.37254903,0.38431373,0.36862746,0.36078432,0.4117647,0.2784314,0.14901961,0.09803922,0.16078432,0.23921569,0.23921569,0.16470589,0.12941177,0.13333334,0.1882353,0.25490198,0.29803923,0.3647059,0.4509804,0.48235294,0.4862745,0.48235294,0.5803922,0.63529414,0.27058825,0.27450982,0.32156864,0.36078432,0.40784314,0.43137255,0.3137255,0.25490198,0.26666668,0.19215687,0.13333334,0.11372549,0.14509805,0.18039216,0.16862746,0.09803922,0.08235294,0.09803922,0.13333334,0.1764706,0.25882354,0.36078432,0.44313726,0.48235294,0.5137255,0.5568628,0.5529412,0.4509804,0.21960784,0.25882354,0.34509805,0.41960785,0.41568628,0.3019608,0.15686275,0.20392157,0.20784314,0.12156863,0.11372549,0.078431375,0.07450981,0.105882354,0.09803922,0.0627451,0.06666667,0.05882353,0.07450981,0.15686275,0.22745098,0.30980393,0.40784314,0.50980395,0.52156866,0.46666667,0.4392157,0.43137255,0.14509805,0.20784314,0.3647059,0.4627451,0.38039216,0.21568628,0.12941177,0.18039216,0.1764706,0.09411765,0.0627451,0.043137256,0.050980393,0.047058824,0.02745098,0.011764706,0.011764706,0.011764706,0.050980393,0.1254902,0.16078432,0.21960784,0.36078432,0.4627451,0.44705883,0.4117647,0.37254903,0.36862746,0.08627451,0.16078432,0.2784314,0.35686275,0.28627452,0.20784314,0.14117648,0.101960786,0.07450981,0.05490196,0.03529412,0.019607844,0.03137255,0.02745098,0.015686275,0.011764706,0.015686275,0.015686275,0.07058824,0.2,0.2509804,0.26666668,0.34117648,0.40784314,0.3764706,0.3529412,0.32941177,0.3254902,0.078431375,0.13333334,0.16862746,0.16862746,0.12941177,0.1254902,0.13333334,0.08627451,0.02745098,0.023529412,0.011764706,0.011764706,0.011764706,0.015686275,0.019607844,0.023529412,0.02745098,0.039215688,0.078431375,0.16470589,0.23921569,0.2901961,0.30980393,0.32941177,0.3137255,0.33333334,0.3764706,0.41960785,0.07058824,0.101960786,0.14117648,0.15294118,0.12941177,0.07450981,0.0627451,0.0627451,0.050980393,0.03137255,0.019607844,0.02745098,0.03529412,0.015686275,0.015686275,0.019607844,0.019607844,0.023529412,0.043137256,0.09411765,0.15686275,0.23921569,0.26666668,0.3137255,0.36078432,0.41960785,0.42745098,0.34509805,0.09019608,0.15686275,0.16862746,0.16470589,0.13725491,0.09803922,0.0627451,0.050980393,0.043137256,0.023529412,0.023529412,0.019607844,0.02745098,0.023529412,0.02745098,0.023529412,0.019607844,0.019607844,0.019607844,0.047058824,0.078431375,0.14509805,0.1882353,0.29411766,0.36078432,0.3254902,0.3019608,0.2784314,0.05882353,0.08627451,0.15294118,0.12941177,0.07450981,0.05882353,0.05490196,0.043137256,0.02745098,0.015686275,0.011764706,0.011764706,0.015686275,0.015686275,0.011764706,0.011764706,0.011764706,0.011764706,0.011764706,0.03529412,0.06666667,0.11764706,0.16862746,0.1882353,0.2509804,0.3254902,0.3254902,0.36862746,0.08235294,0.078431375,0.078431375,0.06666667,0.05882353,0.03529412,0.023529412,0.023529412,0.019607844,0.011764706,0.011764706,0.015686275,0.015686275,0.011764706,0.011764706,0.011764706,0.015686275,0.011764706,0.023529412,0.039215688,0.047058824,0.08235294,0.12156863,0.14509805,0.21176471,0.3019608,0.31764707,0.3254902,0.05882353,0.0627451,0.05882353,0.05490196,0.043137256,0.02745098,0.023529412,0.019607844,0.015686275,0.007843138,0.011764706,0.011764706,0.019607844,0.019607844,0.019607844,0.011764706,0.011764706,0.015686275,0.023529412,0.03529412,0.05882353,0.09019608,0.13333334,0.1764706,0.21960784,0.27058825,0.27450982,0.24705882,0.047058824,0.047058824,0.050980393,0.047058824,0.03137255,0.019607844,0.019607844,0.023529412,0.015686275,0.011764706,0.007843138,0.011764706,0.015686275,0.015686275,0.019607844,0.019607844,0.019607844,0.02745098,0.03137255,0.047058824,0.101960786,0.12156863,0.14509805,0.14901961,0.15686275,0.18039216,0.17254902,0.15686275,0.06666667,0.0627451,0.05882353,0.0627451,0.039215688,0.02745098,0.023529412,0.023529412,0.019607844,0.015686275,0.011764706,0.011764706,0.011764706,0.011764706,0.019607844,0.019607844,0.023529412,0.03137255,0.03137255,0.039215688,0.047058824,0.0627451,0.11372549,0.13725491,0.14117648,0.14901961,0.18039216,0.23529412
1,0.18431373,0.19215687,0.19215687,0.23529412,0.25882354,0.25882354,0.27450982,0.28627452,0.3137255,0.32156864,0.3019608,0.29803923,0.3019608,0.30980393,0.3019608,0.33333334,0.34117648,0.3137255,0.30588236,0.3137255,0.33333334,0.3254902,0.34117648,0.3254902,0.31764707,0.31764707,0.35686275,0.38039216,0.14901961,0.1764706,0.21960784,0.25882354,0.2901961,0.29411766,0.32156864,0.30980393,0.29411766,0.28235295,0.27058825,0.2784314,0.30980393,0.3372549,0.28235295,0.33333334,0.3254902,0.29411766,0.31764707,0.38039216,0.4117647,0.39215687,0.3647059,0.32156864,0.32156864,0.34901962,0.3647059,0.39215687,0.08627451,0.09803922,0.13333334,0.15686275,0.20392157,0.21568628,0.22745098,0.22745098,0.24313726,0.23137255,0.23921569,0.23529412,0.2509804,0.25490198,0.26666668,0.27450982,0.32156864,0.32941177,0.3254902,0.29411766,0.27450982,0.25882354,0.2627451,0.28235295,0.27058825,0.2627451,0.27058825,0.30980393,0.07058824,0.10980392,0.16862746,0.21960784,0.27058825,0.27450982,0.25882354,0.25490198,0.2901961,0.3019608,0.28627452,0.26666668,0.28235295,0.2784314,0.25490198,0.2627451,0.27450982,0.27450982,0.29803923,0.28627452,0.29803923,0.3019608,0.31764707,0.34117648,0.34117648,0.36862746,0.38431373,0.36862746,0.13725491,0.22352941,0.2509804,0.23529412,0.23921569,0.28235295,0.30588236,0.29803923,0.3372549,0.31764707,0.3372549,0.35686275,0.35686275,0.32156864,0.32941177,0.28235295,0.23529412,0.29803923,0.3882353,0.34509805,0.31764707,0.3647059,0.4509804,0.44313726,0.48235294,0.47843137,0.45882353,0.4627451,0.20784314,0.26666668,0.28627452,0.21960784,0.20784314,0.2901961,0.30588236,0.38431373,0.46666667,0.3647059,0.34509805,0.35686275,0.32156864,0.3372549,0.3372549,0.22745098,0.2,0.19607843,0.25490198,0.32941177,0.42352942,0.5686275,0.6039216,0.49019608,0.41960785,0.37254903,0.45882353,0.53333336,0.12941177,0.22745098,0.24705882,0.19607843,0.21176471,0.2784314,0.2901961,0.35686275,0.38431373,0.34901962,0.39215687,0.35686275,0.39215687,0.37254903,0.20784314,0.043137256,0.02745098,0.101960786,0.23921569,0.33333334,0.3647059,0.46666667,0.5372549,0.50980395,0.49019608,0.46666667,0.45490196,0.45490196,0.19215687,0.23529412,0.22352941,0.15294118,0.1764706,0.23921569,0.27058825,0.35686275,0.40392157,0.3764706,0.29411766,0.32941177,0.52156866,0.61960787,0.4745098,0.30588236,0.24705882,0.24705882,0.29803923,0.3882353,0.40392157,0.42745098,0.43529412,0.4392157,0.46666667,0.4509804,0.39607844,0.2901961,0.20392157,0.28235295,0.2627451,0.22745098,0.1764706,0.22352941,0.26666668,0.33333334,0.3372549,0.3372549,0.2901961,0.3137255,0.43137255,0.49803922,0.4745098,0.44313726,0.39215687,0.34117648,0.34117648,0.4117647,0.41960785,0.40784314,0.44705883,0.45882353,0.38431373,0.36078432,0.29411766,0.2627451,0.11372549,0.19215687,0.28235295,0.32156864,0.2509804,0.24705882,0.34509805,0.4509804,0.45490196,0.44313726,0.4,0.37254903,0.3882353,0.38039216,0.37254903,0.34117648,0.30980393,0.29803923,0.30588236,0.36862746,0.3882353,0.34901962,0.3647059,0.36078432,0.3254902,0.32156864,0.27058825,0.23921569,0.101960786,0.11372549,0.14509805,0.18431373,0.1882353,0.19215687,0.19607843,0.28235295,0.34117648,0.42352942,0.4392157,0.34117648,0.3137255,0.2901961,0.28235295,0.2784314,0.23529412,0.1764706,0.22745098,0.3019608,0.34117648,0.2784314,0.2627451,0.2784314,0.30588236,0.34117648,0.30588236,0.32156864,0.11764706,0.1254902,0.14117648,0.15294118,0.17254902,0.21176471,0.27450982,0.31764707,0.3647059,0.38431373,0.42745098,0.45490196,0.39607844,0.30980393,0.28235295,0.24313726,0.20784314,0.19215687,0.23921569,0.29803923,0.29411766,0.26666668,0.2509804,0.23137255,0.2627451,0.3529412,0.32941177,0.28627452,0.078431375,0.11372549,0.13725491,0.12156863,0.101960786,0.101960786,0.16078432,0.26666668,0.28627452,0.28627452,0.3254902,0.3647059,0.3019608,0.23529412,0.22352941,0.20784314,0.19607843,0.14901961,0.13725491,0.20784314,0.24705882,0.21568628,0.20392157,0.20784314,0.22745098,0.25490198,0.24705882,0.21568628,0.105882354,0.15686275,0.16470589,0.1882353,0.1764706,0.14509805,0.14117648,0.19215687,0.22745098,0.23921569,0.23921569,0.24313726,0.20784314,0.19607843,0.19607843,0.1882353,0.19607843,0.19215687,0.18431373,0.23921569,0.21960784,0.18431373,0.20392157,0.22352941,0.24313726,0.25882354,0.27450982,0.2901961,0.09019608,0.12156863,0.14901961,0.18039216,0.20392157,0.18039216,0.15294118,0.16078432,0.19215687,0.20392157,0.1882353,0.20784314,0.18431373,0.17254902,0.19607843,0.2,0.18431373,0.18431373,0.20392157,0.23921569,0.20392157,0.17254902,0.18431373,0.24313726,0.25490198,0.28235295,0.30588236,0.27058825,0.08235294,0.09803922,0.10980392,0.13333334,0.15686275,0.15686275,0.16470589,0.1882353,0.17254902,0.16470589,0.19607843,0.20784314,0.18039216,0.14117648,0.15294118,0.1882353,0.20392157,0.21176471,0.21568628,0.23921569,0.20784314,0.16862746,0.18039216,0.23529412,0.3019608,0.35686275,0.30588236,0.24705882,0.019607844,0.050980393,0.09019608,0.14117648,0.16470589,0.16078432,0.15294118,0.22352941,0.28235295,0.23137255,0.19215687,0.21960784,0.21176471,0.19215687,0.18039216,0.16862746,0.16470589,0.16078432,0.17254902,0.22352941,0.24313726,0.25490198,0.2509804,0.2901961,0.3372549,0.34509805,0.3019608,0.27058825,0.043137256,0.050980393,0.07058824,0.12941177,0.19215687,0.23137255,0.22745098,0.20392157,0.2,0.21568628,0.19215687,0.16862746,0.16078432,0.1882353,0.2,0.1764706,0.14901961,0.14509805,0.16078432,0.19215687,0.21960784,0.2509804,0.2627451,0.2509804,0.23529412,0.24313726,0.24705882,0.22745098,0.043137256,0.0627451,0.07058824,0.101960786,0.13725491,0.16862746,0.21960784,0.23921569,0.20392157,0.18039216,0.1764706,0.18039216,0.16078432,0.16078432,0.1764706,0.16470589,0.16078432,0.16078432,0.16078432,0.16470589,0.18039216,0.20392157,0.21176471,0.23921569,0.27058825,0.27058825,0.22745098,0.20784314,0.05882353,0.101960786,0.09411765,0.09019608,0.09411765,0.11372549,0.13333334,0.14901961,0.16078432,0.16470589,0.18039216,0.2,0.1764706,0.16078432,0.15294118,0.14509805,0.14901961,0.1764706,0.2,0.20392157,0.1764706,0.1764706,0.16862746,0.18039216,0.19607843,0.19607843,0.1882353,0.17254902,0.03529412,0.043137256,0.05490196,0.06666667,0.07450981,0.105882354,0.1254902,0.14509805,0.14117648,0.15294118,0.16078432,0.15686275,0.14509805,0.14117648,0.14509805,0.15294118,0.15294118,0.16470589,0.16862746,0.16470589,0.15294118,0.15686275,0.17254902,0.1882353,0.19215687,0.19607843,0.18431373,0.16470589,0.039215688,0.047058824,0.05490196,0.0627451,0.07058824,0.078431375,0.09803922,0.105882354,0.105882354,0.12156863,0.13333334,0.13333334,0.13333334,0.11764706,0.11372549,0.12156863,0.1254902,0.14117648,0.14117648,0.13333334,0.14509805,0.15294118,0.15686275,0.16862746,0.19215687,0.18431373,0.15686275,0.1254902,0.050980393,0.047058824,0.050980393,0.05882353,0.06666667,0.07450981,0.09019608,0.09803922,0.09803922,0.105882354,0.11764706,0.12156863,0.1254902,0.1254902,0.1254902,0.12156863,0.11764706,0.1254902,0.14117648,0.14901961,0.16078432,0.17254902,0.18431373,0.17254902,0.14901961,0.13333334,0.10980392,0.09803922,0.0627451,0.05490196,0.05882353,0.0627451,0.06666667,0.07450981,0.09019608,0.09019608,0.09019608,0.105882354,0.10980392,0.11764706,0.12156863,0.12156863,0.1254902,0.11764706,0.10980392,0.11372549,0.11372549,0.10980392,0.105882354,0.11764706,0.1254902,0.1254902,0.11372549,0.101960786,0.09019608,0.08627451,0.05882353,0.05490196,0.05882353,0.07058824,0.07058824,0.07058824,0.07058824,0.07450981,0.07450981,0.07450981,0.08235294,0.08627451,0.09019608,0.09019608,0.09019608,0.09411765,0.08627451,0.078431375,0.08627451,0.08627451,0.078431375,0.078431375,0.08235294,0.08627451,0.08627451,0.08235294,0.08235294,0.09019608,0.06666667,0.05882353,0.05882353,0.0627451,0.05882353,0.05882353,0.05882353,0.05882353,0.05490196,0.05490196,0.05882353,0.06666667,0.07058824,0.07058824,0.07058824,0.07058824,0.07058824,0.07450981,0.078431375,0.06666667,0.07058824,0.07450981,0.07450981,0.08627451,0.09803922,0.10980392,0.11372549,0.10980392,0.039215688,0.039215688,0.039215688,0.043137256,0.047058824,0.05490196,0.05490196,0.050980393,0.050980393,0.05882353,0.05882353,0.05490196,0.0627451,0.0627451,0.06666667,0.06666667,0.0627451,0.06666667,0.07058824,0.07058824,0.07450981,0.08235294,0.08235294,0.09411765,0.101960786,0.11764706,0.105882354,0.09019608,0.03529412,0.03529412,0.039215688,0.047058824,0.043137256,0.047058824,0.050980393,0.047058824,0.047058824,0.050980393,0.050980393,0.050980393,0.05490196,0.05490196,0.05490196,0.05490196,0.05490196,0.05490196,0.05882353,0.05490196,0.05882353,0.07058824,0.07058824,0.08235294,0.08235294,0.08235294,0.07058824,0.07058824
1,0.69803923,0.7058824,0.6901961,0.6784314,0.6745098,0.6666667,0.67058825,0.6745098,0.6862745,0.69803923,0.69803923,0.7176471,0.7176471,0.70980394,0.69803923,0.6862745,0.67058825,0.6862745,0.6862745,0.6745098,0.68235296,0.69411767,0.7019608,0.7058824,0.6862745,0.7019608,0.69803923,0.6862745,0.72156864,0.7490196,0.7529412,0.72156864,0.7411765,0.74509805,0.76862746,0.7411765,0.73333335,0.74509805,0.7529412,0.7607843,0.72156864,0.7058824,0.7019608,0.69803923,0.69411767,0.7254902,0.70980394,0.6862745,0.654902,0.6745098,0.69803923,0.7294118,0.7176471,0.7490196,0.7294118,0.70980394,0.6862745,0.7254902,0.7607843,0.78431374,0.80784315,0.80784315,0.7921569,0.77254903,0.76862746,0.8117647,0.8039216,0.7490196,0.6862745,0.6431373,0.6313726,0.64705884,0.627451,0.57254905,0.5647059,0.54509807,0.5137255,0.54509807,0.54901963,0.5568628,0.54901963,0.5411765,0.5294118,0.54509807,0.5372549,0.5882353,0.6509804,0.69411767,0.7372549,0.7372549,0.7137255,0.69803923,0.64705884,0.6784314,0.73333335,0.7254902,0.7294118,0.74509805,0.7490196,0.7411765,0.7882353,0.7882353,0.7882353,0.7882353,0.72156864,0.654902,0.65882355,0.6901961,0.6901961,0.64705884,0.6117647,0.6,0.47058824,0.47843137,0.50980395,0.50980395,0.64705884,0.7294118,0.70980394,0.654902,0.6117647,0.5882353,0.5921569,0.6509804,0.73333335,0.7490196,0.75686276,0.7882353,0.8156863,0.7921569,0.7607843,0.7294118,0.7176471,0.7137255,0.6901961,0.65882355,0.6431373,0.5803922,0.5647059,0.5764706,0.5803922,0.49019608,0.4862745,0.53333336,0.5686275,0.63529414,0.6862745,0.67058825,0.627451,0.6784314,0.7058824,0.7411765,0.7176471,0.7137255,0.7372549,0.7882353,0.79607844,0.78431374,0.7647059,0.7254902,0.6862745,0.64705884,0.7254902,0.7176471,0.7019608,0.6745098,0.6745098,0.7176471,0.62352943,0.6156863,0.62352943,0.627451,0.61960787,0.59607846,0.60784316,0.6392157,0.63529414,0.6509804,0.7019608,0.7254902,0.70980394,0.73333335,0.7921569,0.80784315,0.7607843,0.73333335,0.7254902,0.7019608,0.6509804,0.6431373,0.6509804,0.6156863,0.63529414,0.69411767,0.7254902,0.75686276,0.63529414,0.67058825,0.67058825,0.63529414,0.6,0.62352943,0.6431373,0.6117647,0.60784316,0.627451,0.6627451,0.68235296,0.6862745,0.7294118,0.7529412,0.7490196,0.7647059,0.6627451,0.627451,0.6745098,0.69803923,0.6862745,0.6627451,0.68235296,0.7058824,0.70980394,0.68235296,0.65882355,0.64705884,0.654902,0.6627451,0.64705884,0.6627451,0.6666667,0.67058825,0.6509804,0.6784314,0.70980394,0.7019608,0.6392157,0.5019608,0.46666667,0.4862745,0.5176471,0.53333336,0.5568628,0.62352943,0.7254902,0.7411765,0.7176471,0.69411767,0.70980394,0.7254902,0.7294118,0.7019608,0.6901961,0.6509804,0.6627451,0.6627451,0.63529414,0.6627451,0.67058825,0.64705884,0.654902,0.69803923,0.7372549,0.7372549,0.5921569,0.3529412,0.34509805,0.3647059,0.41568628,0.42352942,0.36862746,0.44705883,0.6,0.62352943,0.59607846,0.6,0.6509804,0.6862745,0.70980394,0.7137255,0.69411767,0.63529414,0.6117647,0.54509807,0.48235294,0.5411765,0.57254905,0.54901963,0.5137255,0.58431375,0.7019608,0.7490196,0.65882355,0.49411765,0.4117647,0.3882353,0.4117647,0.4509804,0.48235294,0.58431375,0.64705884,0.5882353,0.5137255,0.4862745,0.6117647,0.6745098,0.67058825,0.65882355,0.6627451,0.6392157,0.67058825,0.5803922,0.4627451,0.5058824,0.5411765,0.5686275,0.5529412,0.53333336,0.6,0.6666667,0.61960787,0.6431373,0.7372549,0.7176471,0.6666667,0.60784316,0.60784316,0.6313726,0.65882355,0.6313726,0.5529412,0.5176471,0.49411765,0.5529412,0.5568628,0.5647059,0.5882353,0.5647059,0.6117647,0.5568628,0.5019608,0.5137255,0.5411765,0.5529412,0.56078434,0.59607846,0.60784316,0.60784316,0.5921569,0.6392157,0.7019608,0.70980394,0.64705884,0.60784316,0.6117647,0.6392157,0.6784314,0.6745098,0.5764706,0.5176471,0.43529412,0.42352942,0.4745098,0.54509807,0.5764706,0.5137255,0.5647059,0.5294118,0.50980395,0.49803922,0.52156866,0.54509807,0.52156866,0.52156866,0.5411765,0.52156866,0.5019608,0.5882353,0.6313726,0.64705884,0.627451,0.5882353,0.56078434,0.54901963,0.6117647,0.627451,0.5764706,0.56078434,0.5019608,0.5176471,0.5686275,0.6117647,0.58431375,0.3882353,0.4117647,0.36862746,0.31764707,0.30588236,0.30588236,0.33333334,0.4,0.41960785,0.39607844,0.38039216,0.32941177,0.32941177,0.33333334,0.37254903,0.41568628,0.41960785,0.4,0.3882353,0.41568628,0.44313726,0.40392157,0.39607844,0.39607844,0.43529412,0.44705883,0.44313726,0.45490196,0.28235295,0.33333334,0.27450982,0.24313726,0.29803923,0.29803923,0.3019608,0.3019608,0.3254902,0.3254902,0.31764707,0.27058825,0.2784314,0.27450982,0.3019608,0.34901962,0.37254903,0.34117648,0.3372549,0.3647059,0.3882353,0.3647059,0.31764707,0.2784314,0.2784314,0.25490198,0.22745098,0.25882354,0.21568628,0.27058825,0.22352941,0.1882353,0.2,0.25882354,0.29803923,0.3019608,0.34901962,0.34117648,0.29803923,0.26666668,0.23921569,0.25490198,0.28235295,0.30980393,0.34117648,0.32156864,0.30588236,0.34901962,0.36078432,0.33333334,0.28627452,0.23529412,0.27058825,0.21568628,0.14901961,0.18039216,0.26666668,0.22352941,0.16862746,0.12156863,0.15686275,0.18431373,0.19215687,0.24313726,0.2901961,0.28627452,0.27450982,0.26666668,0.29803923,0.2901961,0.27058825,0.3019608,0.34509805,0.36078432,0.27058825,0.23529412,0.2509804,0.22745098,0.19607843,0.19607843,0.22352941,0.23137255,0.20784314,0.19215687,0.1882353,0.16078432,0.16470589,0.14117648,0.14117648,0.16078432,0.20392157,0.28627452,0.33333334,0.31764707,0.27450982,0.3137255,0.3647059,0.3254902,0.30980393,0.34509805,0.36862746,0.3529412,0.34901962,0.35686275,0.3647059,0.32156864,0.21960784,0.16862746,0.16862746,0.16078432,0.18039216,0.19215687,0.16470589,0.15294118,0.17254902,0.14117648,0.1764706,0.24705882,0.25882354,0.27058825,0.28627452,0.24313726,0.24313726,0.25490198,0.29803923,0.29803923,0.2784314,0.34117648,0.37254903,0.3647059,0.39215687,0.40784314,0.40784314,0.44313726,0.45490196,0.43529412,0.32156864,0.24313726,0.15294118,0.11372549,0.16078432,0.14509805,0.19607843,0.19607843,0.23529412,0.23921569,0.22745098,0.21176471,0.1882353,0.17254902,0.20784314,0.22352941,0.23137255,0.27450982,0.27058825,0.25490198,0.23529412,0.24313726,0.24705882,0.2509804,0.26666668,0.28235295,0.3372549,0.41960785,0.4509804,0.41960785,0.3647059,0.28235295,0.14509805,0.14509805,0.19215687,0.1764706,0.2,0.20392157,0.18431373,0.16470589,0.14901961,0.15686275,0.17254902,0.18431373,0.19215687,0.22745098,0.21176471,0.18039216,0.15294118,0.15686275,0.16470589,0.16470589,0.18431373,0.18039216,0.19607843,0.22352941,0.2509804,0.30980393,0.3372549,0.39607844,0.21960784,0.19215687,0.21176471,0.21960784,0.22352941,0.20392157,0.20392157,0.21960784,0.1882353,0.15686275,0.13333334,0.1254902,0.13725491,0.12156863,0.10980392,0.101960786,0.101960786,0.101960786,0.105882354,0.11372549,0.12156863,0.1254902,0.12941177,0.13333334,0.12156863,0.13725491,0.14901961,0.22352941,0.16470589,0.16078432,0.17254902,0.2,0.20392157,0.1882353,0.21568628,0.23137255,0.21568628,0.19215687,0.15294118,0.13333334,0.11372549,0.08235294,0.05490196,0.05882353,0.05490196,0.0627451,0.08235294,0.078431375,0.08235294,0.105882354,0.10980392,0.09019608,0.07450981,0.09019608,0.09803922,0.13333334,0.14901961,0.14117648,0.15294118,0.17254902,0.16862746,0.1882353,0.22352941,0.24705882,0.25490198,0.26666668,0.23529412,0.2,0.14117648,0.08627451,0.043137256,0.03529412,0.043137256,0.047058824,0.043137256,0.05490196,0.09019608,0.09411765,0.09411765,0.06666667,0.039215688,0.039215688,0.050980393,0.05490196,0.29803923,0.27450982,0.24705882,0.2509804,0.24705882,0.28627452,0.31764707,0.32941177,0.3254902,0.27450982,0.22352941,0.1882353,0.14901961,0.09411765,0.03137255,0.015686275,0.02745098,0.03529412,0.039215688,0.05882353,0.078431375,0.09411765,0.12941177,0.09803922,0.03529412,0.02745098,0.023529412,0.019607844,0.44313726,0.4509804,0.4392157,0.45490196,0.4392157,0.42745098,0.4117647,0.38039216,0.34901962,0.30980393,0.27450982,0.21176471,0.11372549,0.05882353,0.023529412,0.011764706,0.019607844,0.02745098,0.039215688,0.06666667,0.09803922,0.13725491,0.13333334,0.101960786,0.047058824,0.015686275,0.015686275,0.015686275,0.40392157,0.39607844,0.36078432,0.36078432,0.3137255,0.2901961,0.27450982,0.24313726,0.21568628,0.22745098,0.22352941,0.16470589,0.105882354,0.07058824,0.02745098,0.011764706,0.007843138,0.019607844,0.02745098,0.05490196,0.07058824,0.101960786,0.101960786,0.078431375,0.047058824,0.03137255,0.015686275,0.015686275
1,0.60784316,0.6,0.58431375,0.5686275,0.5686275,0.5529412,0.54901963,0.5647059,0.56078434,0.56078434,0.5647059,0.56078434,0.54509807,0.5372549,0.5254902,0.5137255,0.56078434,0.5882353,0.5686275,0.5372549,0.54509807,0.5647059,0.5372549,0.5372549,0.54901963,0.5529412,0.57254905,0.5764706,0.6156863,0.64705884,0.654902,0.62352943,0.6666667,0.6784314,0.64705884,0.58431375,0.5568628,0.5058824,0.49411765,0.5254902,0.5372549,0.47843137,0.44313726,0.45490196,0.5019608,0.5529412,0.54901963,0.5137255,0.59607846,0.64705884,0.50980395,0.47058824,0.50980395,0.5568628,0.5411765,0.4862745,0.40784314,0.39607844,0.39607844,0.38039216,0.44313726,0.46666667,0.45490196,0.45882353,0.5176471,0.5686275,0.5176471,0.41568628,0.38039216,0.38039216,0.39215687,0.44313726,0.45882353,0.47058824,0.5019608,0.52156866,0.58431375,0.56078434,0.39607844,0.33333334,0.32156864,0.39215687,0.4,0.30588236,0.45882353,0.42745098,0.3529412,0.32941177,0.3529412,0.35686275,0.3372549,0.34117648,0.3372549,0.38431373,0.42745098,0.4509804,0.39215687,0.3372549,0.3529412,0.30980393,0.3254902,0.3372549,0.32941177,0.3764706,0.37254903,0.26666668,0.26666668,0.24313726,0.2901961,0.48235294,0.34117648,0.2627451,0.5647059,0.6,0.6156863,0.57254905,0.50980395,0.42352942,0.41960785,0.43529412,0.42352942,0.41960785,0.42352942,0.40392157,0.42352942,0.45490196,0.4862745,0.40392157,0.39215687,0.36862746,0.39215687,0.3764706,0.27058825,0.21960784,0.27058825,0.23529412,0.20392157,0.27058825,0.27058825,0.27058825,0.42745098,0.46666667,0.47843137,0.6156863,0.7176471,0.654902,0.57254905,0.5411765,0.54901963,0.62352943,0.6666667,0.5921569,0.6039216,0.5372549,0.47058824,0.43137255,0.4627451,0.47058824,0.43529412,0.46666667,0.34117648,0.19607843,0.17254902,0.15686275,0.15294118,0.34509805,0.40784314,0.38431373,0.5176471,0.46666667,0.43529412,0.49019608,0.5803922,0.6901961,0.6901961,0.57254905,0.5568628,0.68235296,0.69803923,0.6745098,0.5764706,0.4745098,0.5137255,0.5254902,0.52156866,0.5019608,0.41960785,0.43529412,0.2627451,0.21568628,0.1882353,0.23529412,0.31764707,0.34509805,0.49803922,0.49803922,0.53333336,0.49019608,0.42745098,0.49803922,0.5294118,0.62352943,0.6745098,0.62352943,0.65882355,0.64705884,0.5176471,0.5411765,0.5019608,0.3137255,0.33333334,0.38431373,0.38039216,0.39607844,0.39607844,0.40392157,0.34901962,0.39215687,0.41960785,0.41568628,0.50980395,0.44705883,0.46666667,0.41568628,0.44313726,0.44313726,0.4392157,0.49803922,0.5254902,0.5294118,0.60784316,0.5764706,0.5529412,0.6039216,0.6156863,0.5764706,0.5411765,0.36862746,0.25882354,0.3019608,0.32156864,0.30980393,0.3372549,0.30980393,0.28627452,0.41568628,0.47843137,0.49803922,0.49411765,0.44313726,0.38431373,0.34901962,0.4392157,0.49411765,0.61960787,0.5803922,0.52156866,0.45490196,0.50980395,0.53333336,0.4627451,0.43137255,0.45490196,0.47843137,0.5411765,0.49803922,0.3019608,0.3137255,0.39215687,0.4117647,0.38039216,0.29803923,0.27450982,0.3254902,0.39215687,0.43137255,0.45882353,0.46666667,0.4392157,0.3764706,0.48235294,0.4745098,0.53333336,0.50980395,0.50980395,0.5176471,0.5019608,0.5647059,0.5294118,0.49019608,0.5529412,0.5058824,0.45882353,0.54509807,0.5019608,0.4509804,0.40784314,0.38431373,0.41960785,0.39607844,0.27450982,0.3137255,0.31764707,0.31764707,0.4117647,0.4,0.4,0.4392157,0.5411765,0.5176471,0.5372549,0.5294118,0.5058824,0.4745098,0.43529412,0.47058824,0.4117647,0.34901962,0.49019608,0.45490196,0.3882353,0.41960785,0.41568628,0.45490196,0.44313726,0.3647059,0.38039216,0.36078432,0.28627452,0.27450982,0.32156864,0.3254902,0.32941177,0.34509805,0.37254903,0.47843137,0.6039216,0.6117647,0.5882353,0.58431375,0.5254902,0.45490196,0.39607844,0.39215687,0.4862745,0.52156866,0.5294118,0.5529412,0.5176471,0.44313726,0.4,0.44313726,0.42352942,0.34509805,0.34509805,0.34117648,0.3019608,0.28235295,0.34117648,0.41960785,0.40784314,0.4,0.41960785,0.43137255,0.627451,0.62352943,0.58431375,0.5921569,0.5882353,0.52156866,0.47843137,0.43137255,0.42352942,0.45882353,0.5254902,0.49803922,0.49803922,0.4627451,0.42745098,0.44705883,0.50980395,0.50980395,0.47843137,0.4117647,0.43529412,0.45490196,0.47058824,0.46666667,0.44705883,0.34509805,0.2901961,0.29411766,0.7137255,0.6901961,0.63529414,0.62352943,0.61960787,0.63529414,0.5882353,0.58431375,0.5686275,0.5568628,0.6392157,0.67058825,0.6392157,0.59607846,0.5921569,0.6117647,0.6509804,0.58431375,0.52156866,0.44705883,0.47843137,0.5019608,0.4627451,0.41568628,0.3882353,0.3529412,0.3647059,0.41960785,0.7372549,0.7411765,0.70980394,0.67058825,0.64705884,0.68235296,0.6666667,0.63529414,0.6862745,0.6666667,0.62352943,0.654902,0.6156863,0.5764706,0.5764706,0.5882353,0.6,0.5529412,0.5058824,0.41568628,0.38431373,0.39607844,0.3764706,0.37254903,0.34901962,0.35686275,0.45882353,0.46666667,0.5058824,0.5647059,0.67058825,0.7137255,0.72156864,0.75686276,0.7764706,0.7137255,0.6862745,0.7294118,0.7490196,0.76862746,0.70980394,0.6745098,0.63529414,0.56078434,0.49019608,0.42352942,0.36862746,0.36862746,0.35686275,0.3529412,0.33333334,0.3254902,0.2784314,0.2901961,0.32156864,0.2901961,0.41568628,0.41960785,0.49803922,0.48235294,0.49411765,0.5803922,0.73333335,0.7764706,0.7647059,0.78431374,0.8039216,0.77254903,0.7019608,0.61960787,0.5294118,0.4627451,0.43137255,0.43137255,0.42352942,0.37254903,0.34509805,0.31764707,0.26666668,0.2,0.18039216,0.24313726,0.2784314,0.26666668,0.3647059,0.38431373,0.38039216,0.34509805,0.34901962,0.36078432,0.41960785,0.5411765,0.5019608,0.5176471,0.5372549,0.5137255,0.5137255,0.47058824,0.42745098,0.4117647,0.39215687,0.39215687,0.35686275,0.31764707,0.29411766,0.26666668,0.2509804,0.21568628,0.20392157,0.24313726,0.28235295,0.33333334,0.34901962,0.31764707,0.30980393,0.32156864,0.36862746,0.3529412,0.34117648,0.40392157,0.40784314,0.40784314,0.4,0.36862746,0.38431373,0.34117648,0.2901961,0.25882354,0.25490198,0.26666668,0.26666668,0.26666668,0.24313726,0.2509804,0.23137255,0.19607843,0.1764706,0.1764706,0.23529412,0.33333334,0.34901962,0.3137255,0.2627451,0.27450982,0.34117648,0.36078432,0.3254902,0.3254902,0.34117648,0.41568628,0.42745098,0.4,0.37254903,0.32156864,0.2901961,0.28235295,0.26666668,0.23529412,0.20392157,0.15686275,0.15686275,0.17254902,0.15686275,0.14117648,0.14117648,0.14901961,0.16470589,0.2,0.41960785,0.38431373,0.32156864,0.30588236,0.27450982,0.2784314,0.30980393,0.29411766,0.28235295,0.34509805,0.35686275,0.2901961,0.27450982,0.2627451,0.23529412,0.21568628,0.19607843,0.16862746,0.14509805,0.11372549,0.1254902,0.13333334,0.12156863,0.13333334,0.18431373,0.19215687,0.18431373,0.1882353,0.39215687,0.47843137,0.49411765,0.4,0.32941177,0.3019608,0.2784314,0.27058825,0.30980393,0.3647059,0.37254903,0.3254902,0.30588236,0.2509804,0.21568628,0.18431373,0.16862746,0.15686275,0.14901961,0.11764706,0.101960786,0.105882354,0.1254902,0.13333334,0.15686275,0.15294118,0.16470589,0.2,0.4,0.43529412,0.5137255,0.54509807,0.54901963,0.4392157,0.40392157,0.4392157,0.5647059,0.62352943,0.6117647,0.6039216,0.5529412,0.4627451,0.39215687,0.3137255,0.26666668,0.21960784,0.16078432,0.13725491,0.12156863,0.11372549,0.11764706,0.10980392,0.1254902,0.15686275,0.1882353,0.21960784,0.44705883,0.43529412,0.45882353,0.49803922,0.5137255,0.5176471,0.45490196,0.41960785,0.49019608,0.5176471,0.49411765,0.47058824,0.46666667,0.4627451,0.48235294,0.39215687,0.3372549,0.30588236,0.23529412,0.18039216,0.14117648,0.1254902,0.1254902,0.12156863,0.1254902,0.13333334,0.17254902,0.23921569,0.62352943,0.49803922,0.43529412,0.43529412,0.37254903,0.38431373,0.38431373,0.38431373,0.3764706,0.40392157,0.42352942,0.39607844,0.36078432,0.34117648,0.36078432,0.39607844,0.35686275,0.30980393,0.27450982,0.18431373,0.14901961,0.13333334,0.12941177,0.12941177,0.14117648,0.14901961,0.1882353,0.22352941,0.6392157,0.7372549,0.7411765,0.6745098,0.6313726,0.61960787,0.6431373,0.6431373,0.47843137,0.34117648,0.35686275,0.39607844,0.40784314,0.41960785,0.39607844,0.35686275,0.30980393,0.24313726,0.21176471,0.15686275,0.14117648,0.1254902,0.1254902,0.1254902,0.14117648,0.15686275,0.18431373,0.21176471,0.49803922,0.54901963,0.67058825,0.7764706,0.7921569,0.64705884,0.57254905,0.52156866,0.39215687,0.2901961,0.31764707,0.3254902,0.30588236,0.32156864,0.35686275,0.3254902,0.3254902,0.27450982,0.20392157,0.15294118,0.12941177,0.12156863,0.12941177,0.1254902,0.13725491,0.16862746,0.19607843,0.20392157
1,0.57254905,0.5411765,0.5529412,0.5568628,0.5686275,0.5686275,0.57254905,0.5803922,0.60784316,0.59607846,0.6,0.5803922,0.5882353,0.5686275,0.5372549,0.54901963,0.54901963,0.54901963,0.54509807,0.53333336,0.5372549,0.5372549,0.54901963,0.5372549,0.5411765,0.56078434,0.5686275,0.5803922,0.65882355,0.654902,0.6784314,0.61960787,0.5921569,0.5568628,0.5058824,0.4627451,0.47058824,0.45490196,0.49411765,0.53333336,0.5882353,0.64705884,0.627451,0.63529414,0.56078434,0.5372549,0.54509807,0.56078434,0.5529412,0.5058824,0.5568628,0.5921569,0.5764706,0.6156863,0.64705884,0.58431375,0.52156866,0.54509807,0.59607846,0.6392157,0.6431373,0.6117647,0.61960787,0.5803922,0.5529412,0.5647059,0.5921569,0.58431375,0.49803922,0.45490196,0.47058824,0.46666667,0.43137255,0.42745098,0.43529412,0.37254903,0.33333334,0.38039216,0.39607844,0.38431373,0.47058824,0.38431373,0.41960785,0.41960785,0.38431373,0.41568628,0.38039216,0.36862746,0.4509804,0.46666667,0.49803922,0.47058824,0.47843137,0.47058824,0.5372549,0.62352943,0.5647059,0.4509804,0.4745098,0.44313726,0.45490196,0.45882353,0.44705883,0.42352942,0.38431373,0.3137255,0.32156864,0.40392157,0.5921569,0.53333336,0.45490196,0.38039216,0.3137255,0.34117648,0.34901962,0.3529412,0.3882353,0.42352942,0.45882353,0.45882353,0.4745098,0.4627451,0.47058824,0.5529412,0.49019608,0.46666667,0.48235294,0.44705883,0.41568628,0.4117647,0.4,0.34901962,0.3372549,0.33333334,0.40392157,0.36078432,0.3137255,0.32941177,0.27450982,0.22352941,0.33333334,0.3372549,0.35686275,0.33333334,0.30588236,0.30980393,0.3882353,0.4117647,0.44313726,0.46666667,0.4627451,0.5372549,0.47843137,0.41568628,0.41960785,0.4745098,0.50980395,0.5294118,0.5294118,0.45882353,0.4392157,0.4745098,0.3137255,0.20784314,0.21176471,0.25490198,0.20784314,0.1764706,0.47058824,0.4392157,0.35686275,0.30588236,0.32156864,0.29803923,0.30980393,0.33333334,0.4,0.45882353,0.45882353,0.3882353,0.4745098,0.49411765,0.5019608,0.53333336,0.5529412,0.49019608,0.5058824,0.6,0.67058825,0.48235294,0.21176471,0.1882353,0.1882353,0.23921569,0.21176471,0.19607843,0.5568628,0.5882353,0.5568628,0.49803922,0.49019608,0.52156866,0.4745098,0.43137255,0.41960785,0.42352942,0.5137255,0.4509804,0.4745098,0.50980395,0.48235294,0.57254905,0.6431373,0.5686275,0.49411765,0.52156866,0.5764706,0.36078432,0.19215687,0.13333334,0.11372549,0.18039216,0.17254902,0.15294118,0.5294118,0.54509807,0.57254905,0.44313726,0.34509805,0.4,0.34901962,0.31764707,0.35686275,0.4117647,0.4627451,0.5294118,0.49803922,0.42745098,0.43529412,0.43529412,0.47058824,0.50980395,0.6,0.6745098,0.6117647,0.38431373,0.21568628,0.16470589,0.18431373,0.3019608,0.2627451,0.24705882,0.45490196,0.52156866,0.53333336,0.48235294,0.39215687,0.4117647,0.42352942,0.4392157,0.52156866,0.53333336,0.46666667,0.45490196,0.50980395,0.5568628,0.58431375,0.60784316,0.60784316,0.5647059,0.52156866,0.48235294,0.5019608,0.38039216,0.2901961,0.2901961,0.34509805,0.49019608,0.40784314,0.28627452,0.50980395,0.50980395,0.4627451,0.4745098,0.36862746,0.36078432,0.4392157,0.4509804,0.5294118,0.54901963,0.58431375,0.5372549,0.5176471,0.5411765,0.54509807,0.49019608,0.49411765,0.49803922,0.45490196,0.3882353,0.4117647,0.39607844,0.3019608,0.2509804,0.2901961,0.30980393,0.28235295,0.29411766,0.53333336,0.5176471,0.4862745,0.44705883,0.38431373,0.42352942,0.43137255,0.5254902,0.5803922,0.58431375,0.63529414,0.62352943,0.60784316,0.6509804,0.627451,0.6117647,0.56078434,0.5137255,0.49803922,0.4745098,0.4862745,0.42745098,0.34509805,0.32156864,0.34117648,0.3137255,0.3372549,0.3647059,0.7058824,0.7137255,0.69411767,0.6745098,0.6627451,0.7019608,0.6862745,0.6862745,0.68235296,0.64705884,0.6431373,0.6627451,0.6313726,0.5882353,0.61960787,0.6745098,0.69803923,0.6666667,0.5686275,0.5019608,0.45882353,0.41960785,0.39215687,0.3764706,0.35686275,0.3764706,0.40392157,0.4117647,0.7764706,0.7647059,0.72156864,0.7176471,0.62352943,0.5529412,0.54509807,0.5921569,0.6039216,0.62352943,0.64705884,0.7137255,0.6901961,0.6431373,0.6156863,0.6039216,0.62352943,0.67058825,0.654902,0.5372549,0.49803922,0.44313726,0.39607844,0.2901961,0.23529412,0.28627452,0.32156864,0.29803923,0.76862746,0.7607843,0.7411765,0.7764706,0.7411765,0.7058824,0.7254902,0.7019608,0.6039216,0.5647059,0.6392157,0.654902,0.7529412,0.8117647,0.7921569,0.8235294,0.74509805,0.5882353,0.4862745,0.4509804,0.4117647,0.34901962,0.31764707,0.24705882,0.23137255,0.23529412,0.29803923,0.3254902,0.7607843,0.7764706,0.7058824,0.6431373,0.6627451,0.67058825,0.6784314,0.67058825,0.68235296,0.6627451,0.6431373,0.6392157,0.5686275,0.6117647,0.6509804,0.7294118,0.6666667,0.5058824,0.45490196,0.42745098,0.42745098,0.37254903,0.29411766,0.24313726,0.22745098,0.2,0.27058825,0.34117648,0.5372549,0.5803922,0.5568628,0.5529412,0.5568628,0.56078434,0.57254905,0.6117647,0.6745098,0.73333335,0.7607843,0.7490196,0.75686276,0.78431374,0.8,0.7921569,0.75686276,0.6901961,0.63529414,0.47843137,0.43529412,0.40784314,0.30588236,0.25490198,0.2627451,0.25882354,0.28235295,0.27058825,0.45882353,0.4862745,0.45882353,0.43529412,0.42745098,0.42352942,0.41568628,0.45490196,0.45882353,0.4745098,0.48235294,0.5176471,0.56078434,0.61960787,0.6117647,0.60784316,0.62352943,0.63529414,0.5568628,0.42352942,0.36862746,0.3529412,0.33333334,0.26666668,0.2509804,0.25882354,0.2627451,0.25490198,0.49803922,0.5254902,0.49411765,0.53333336,0.54509807,0.5568628,0.50980395,0.46666667,0.4117647,0.4117647,0.41568628,0.39215687,0.38431373,0.44705883,0.46666667,0.47843137,0.4509804,0.47843137,0.38039216,0.3019608,0.2509804,0.23137255,0.20784314,0.18039216,0.1882353,0.20784314,0.2,0.22745098,0.6,0.5764706,0.5372549,0.56078434,0.5882353,0.60784316,0.6313726,0.6666667,0.6627451,0.64705884,0.6,0.5137255,0.45490196,0.42745098,0.42745098,0.44705883,0.4117647,0.40392157,0.32941177,0.26666668,0.21176471,0.19607843,0.16078432,0.13725491,0.11372549,0.11372549,0.10980392,0.11372549,0.49019608,0.47843137,0.44705883,0.42745098,0.43529412,0.4392157,0.4509804,0.4862745,0.5294118,0.56078434,0.5882353,0.6156863,0.627451,0.64705884,0.6117647,0.58431375,0.53333336,0.49019608,0.42352942,0.32941177,0.2784314,0.2627451,0.22745098,0.17254902,0.12156863,0.09803922,0.07450981,0.078431375,0.49411765,0.45490196,0.43529412,0.43529412,0.42745098,0.4,0.38431373,0.3882353,0.39607844,0.40392157,0.4,0.39607844,0.47058824,0.5411765,0.5647059,0.5568628,0.6313726,0.6745098,0.67058825,0.57254905,0.40784314,0.36078432,0.27058825,0.19607843,0.1764706,0.09411765,0.09411765,0.105882354,0.4745098,0.45490196,0.42745098,0.39607844,0.38431373,0.38431373,0.38039216,0.36078432,0.40784314,0.44705883,0.43137255,0.39607844,0.39607844,0.39607844,0.38039216,0.39215687,0.41960785,0.48235294,0.54509807,0.5176471,0.49411765,0.4862745,0.3764706,0.34509805,0.29411766,0.14509805,0.105882354,0.09803922,0.4,0.38039216,0.34509805,0.3254902,0.3254902,0.34117648,0.33333334,0.34117648,0.36862746,0.40784314,0.44705883,0.47058824,0.44313726,0.43529412,0.41568628,0.42352942,0.3529412,0.33333334,0.39215687,0.39607844,0.3764706,0.34901962,0.31764707,0.3019608,0.23921569,0.1764706,0.12156863,0.105882354,0.34509805,0.34509805,0.33333334,0.30980393,0.28627452,0.28235295,0.29803923,0.3137255,0.33333334,0.3764706,0.39607844,0.40784314,0.39215687,0.4117647,0.42352942,0.4509804,0.41960785,0.34509805,0.3647059,0.3882353,0.3372549,0.27450982,0.2509804,0.20392157,0.1882353,0.14901961,0.12941177,0.10980392,0.29803923,0.3019608,0.32156864,0.3019608,0.2901961,0.2901961,0.28627452,0.28235295,0.3019608,0.33333334,0.34117648,0.33333334,0.3529412,0.34901962,0.3882353,0.37254903,0.31764707,0.28627452,0.28627452,0.27058825,0.26666668,0.22352941,0.19607843,0.1764706,0.15294118,0.14509805,0.12941177,0.13333334,0.2784314,0.28627452,0.27450982,0.2509804,0.26666668,0.28235295,0.28627452,0.25490198,0.24705882,0.25882354,0.28235295,0.28627452,0.28627452,0.32156864,0.34901962,0.35686275,0.30980393,0.27058825,0.24705882,0.22745098,0.20392157,0.1882353,0.19215687,0.21176471,0.18431373,0.21960784,0.21176471,0.16862746,0.28235295,0.2901961,0.29803923,0.26666668,0.26666668,0.29411766,0.3019608,0.33333334,0.3254902,0.2784314,0.28235295,0.27450982,0.2627451,0.2784314,0.3254902,0.3529412,0.30588236,0.26666668,0.23529412,0.21176471,0.20392157,0.19215687,0.22352941,0.24705882,0.24313726,0.28235295,0.22352941,0.19215687
0,0.7058824,0.7137255,0.69411767,0.6745098,0.654902,0.6509804,0.6666667,0.6627451,0.6509804,0.6313726,0.63529414,0.654902,0.6666667,0.6627451,0.65882355,0.6313726,0.62352943,0.64705884,0.6392157,0.627451,0.627451,0.6313726,0.6313726,0.6509804,0.6627451,0.68235296,0.7019608,0.73333335,0.6862745,0.7137255,0.6862745,0.6901961,0.6509804,0.61960787,0.6392157,0.6431373,0.65882355,0.654902,0.654902,0.6627451,0.69411767,0.6901961,0.6627451,0.6627451,0.6509804,0.64705884,0.6392157,0.5882353,0.59607846,0.6039216,0.62352943,0.67058825,0.6431373,0.62352943,0.6313726,0.6392157,0.49803922,0.5294118,0.5686275,0.5803922,0.5764706,0.5686275,0.5372549,0.48235294,0.48235294,0.5137255,0.49411765,0.43137255,0.44313726,0.4627451,0.5058824,0.56078434,0.5686275,0.56078434,0.5372549,0.5058824,0.49803922,0.45882353,0.4745098,0.47058824,0.45882353,0.41568628,0.44705883,0.44705883,0.4509804,0.45490196,0.43137255,0.4509804,0.48235294,0.54509807,0.53333336,0.54509807,0.5529412,0.56078434,0.54901963,0.5058824,0.4509804,0.44705883,0.39607844,0.36078432,0.39215687,0.40784314,0.39215687,0.36862746,0.4,0.39607844,0.42745098,0.47843137,0.5372549,0.5058824,0.5019608,0.46666667,0.49803922,0.47058824,0.43529412,0.3882353,0.35686275,0.38039216,0.36078432,0.3882353,0.47058824,0.4862745,0.47843137,0.49803922,0.49411765,0.52156866,0.47843137,0.34901962,0.33333334,0.36862746,0.32941177,0.28235295,0.29411766,0.26666668,0.29411766,0.38431373,0.40784314,0.38039216,0.40392157,0.41960785,0.41960785,0.34901962,0.34117648,0.37254903,0.34509805,0.34901962,0.38431373,0.4117647,0.36862746,0.32156864,0.38039216,0.44705883,0.4509804,0.41960785,0.44705883,0.47058824,0.4862745,0.5372549,0.5058824,0.45490196,0.36862746,0.32156864,0.37254903,0.41960785,0.4117647,0.39215687,0.4117647,0.45882353,0.23529412,0.2,0.22745098,0.3647059,0.4862745,0.47843137,0.4509804,0.4509804,0.45882353,0.4392157,0.47843137,0.49803922,0.43137255,0.38431373,0.44705883,0.5137255,0.53333336,0.5294118,0.5254902,0.5294118,0.5058824,0.52156866,0.5176471,0.5058824,0.49803922,0.47058824,0.49411765,0.50980395,0.19607843,0.17254902,0.25490198,0.34509805,0.44705883,0.58431375,0.60784316,0.57254905,0.5568628,0.49803922,0.5529412,0.54509807,0.43137255,0.36078432,0.38039216,0.38039216,0.39607844,0.4509804,0.44313726,0.4509804,0.42352942,0.43137255,0.45882353,0.45882353,0.41960785,0.40392157,0.43137255,0.47058824,0.18431373,0.20392157,0.23529412,0.22745098,0.30588236,0.5568628,0.65882355,0.6156863,0.53333336,0.49411765,0.5647059,0.6039216,0.50980395,0.45882353,0.4862745,0.46666667,0.4392157,0.44313726,0.44705883,0.43529412,0.4117647,0.45490196,0.4627451,0.48235294,0.44313726,0.46666667,0.56078434,0.6117647,0.2627451,0.25490198,0.23137255,0.25882354,0.44705883,0.60784316,0.57254905,0.57254905,0.5019608,0.47058824,0.5254902,0.49019608,0.4392157,0.4,0.43529412,0.49803922,0.5411765,0.57254905,0.62352943,0.61960787,0.5686275,0.57254905,0.5921569,0.6392157,0.6117647,0.654902,0.7058824,0.7294118,0.35686275,0.30588236,0.31764707,0.42745098,0.59607846,0.58431375,0.52156866,0.47058824,0.45490196,0.47843137,0.52156866,0.50980395,0.4745098,0.4745098,0.5254902,0.5686275,0.6,0.6156863,0.627451,0.61960787,0.6,0.6117647,0.62352943,0.6117647,0.58431375,0.5647059,0.5647059,0.5882353,0.4,0.4509804,0.49803922,0.5372549,0.50980395,0.48235294,0.49803922,0.50980395,0.5137255,0.5294118,0.54509807,0.5568628,0.49411765,0.49019608,0.53333336,0.5529412,0.5882353,0.627451,0.63529414,0.6666667,0.6627451,0.654902,0.6901961,0.69803923,0.6745098,0.6784314,0.69803923,0.69411767,0.54509807,0.58431375,0.6,0.60784316,0.5803922,0.5294118,0.5686275,0.627451,0.6,0.5803922,0.6,0.59607846,0.57254905,0.59607846,0.6431373,0.65882355,0.7019608,0.7254902,0.7254902,0.7372549,0.7137255,0.7058824,0.7019608,0.67058825,0.63529414,0.62352943,0.6392157,0.6784314,0.62352943,0.6156863,0.58431375,0.5647059,0.56078434,0.5294118,0.54901963,0.59607846,0.6313726,0.63529414,0.64705884,0.6627451,0.654902,0.6431373,0.6627451,0.63529414,0.59607846,0.5921569,0.61960787,0.6313726,0.58431375,0.54901963,0.5176471,0.47058824,0.43137255,0.43529412,0.44313726,0.48235294,0.50980395,0.56078434,0.5921569,0.5882353,0.54901963,0.5176471,0.5411765,0.57254905,0.5921569,0.5764706,0.5647059,0.5882353,0.5882353,0.54901963,0.5294118,0.49019608,0.44313726,0.4392157,0.43529412,0.43137255,0.44313726,0.42745098,0.38039216,0.36862746,0.36078432,0.4,0.4117647,0.41960785,0.47058824,0.48235294,0.4862745,0.5019608,0.4745098,0.45490196,0.4862745,0.54509807,0.5019608,0.47843137,0.4862745,0.4862745,0.43529412,0.41960785,0.4117647,0.41568628,0.40392157,0.39607844,0.40392157,0.45490196,0.4392157,0.39607844,0.36078432,0.35686275,0.39215687,0.5019608,0.5176471,0.49019608,0.4745098,0.49411765,0.48235294,0.4627451,0.42745098,0.41960785,0.44705883,0.4745098,0.44705883,0.4392157,0.44705883,0.41568628,0.38039216,0.4,0.42745098,0.42352942,0.40784314,0.42352942,0.44313726,0.45490196,0.43529412,0.38431373,0.37254903,0.4117647,0.44313726,0.4745098,0.46666667,0.45490196,0.4117647,0.4392157,0.41960785,0.4117647,0.37254903,0.3764706,0.39607844,0.41568628,0.41960785,0.43529412,0.44705883,0.43529412,0.40392157,0.3764706,0.3882353,0.4,0.40392157,0.44705883,0.50980395,0.50980395,0.45490196,0.38039216,0.3647059,0.38039216,0.39607844,0.42745098,0.46666667,0.44705883,0.50980395,0.5058824,0.4745098,0.4509804,0.44313726,0.4627451,0.47058824,0.4862745,0.4745098,0.4117647,0.41568628,0.44705883,0.44313726,0.45490196,0.46666667,0.49019608,0.47843137,0.48235294,0.49411765,0.49019608,0.4862745,0.4117647,0.3529412,0.34901962,0.32941177,0.34509805,0.40784314,0.43529412,0.5058824,0.53333336,0.48235294,0.42745098,0.40392157,0.40392157,0.43137255,0.47843137,0.53333336,0.49019608,0.44705883,0.44313726,0.41960785,0.40784314,0.42352942,0.4509804,0.4627451,0.44705883,0.42745098,0.43529412,0.43137255,0.43137255,0.39607844,0.40392157,0.41568628,0.40392157,0.39607844,0.4509804,0.29411766,0.33333334,0.3529412,0.41960785,0.4392157,0.45490196,0.4862745,0.45882353,0.40784314,0.39215687,0.3764706,0.35686275,0.3529412,0.3372549,0.32941177,0.33333334,0.3764706,0.38431373,0.34901962,0.33333334,0.3372549,0.33333334,0.33333334,0.36862746,0.42745098,0.43137255,0.4,0.38431373,0.18039216,0.20784314,0.21960784,0.2509804,0.3019608,0.32156864,0.38039216,0.40784314,0.39215687,0.3764706,0.34117648,0.3019608,0.29411766,0.28235295,0.27058825,0.28627452,0.28235295,0.30980393,0.3254902,0.3019608,0.29803923,0.3019608,0.3254902,0.34117648,0.3254902,0.3254902,0.31764707,0.39215687,0.20392157,0.18431373,0.1764706,0.19215687,0.20392157,0.2,0.22352941,0.25882354,0.29411766,0.3372549,0.34117648,0.3137255,0.29411766,0.3019608,0.29803923,0.28627452,0.27058825,0.28235295,0.28235295,0.26666668,0.2627451,0.2784314,0.29411766,0.31764707,0.34117648,0.3529412,0.34901962,0.3764706,0.18431373,0.16862746,0.14901961,0.15686275,0.16078432,0.15294118,0.17254902,0.2,0.20784314,0.21568628,0.24313726,0.26666668,0.27058825,0.27058825,0.28627452,0.3019608,0.28627452,0.27450982,0.28627452,0.29803923,0.29411766,0.29803923,0.28627452,0.29411766,0.3254902,0.33333334,0.32941177,0.36078432,0.10980392,0.11372549,0.11372549,0.11764706,0.12156863,0.12941177,0.15294118,0.16862746,0.15686275,0.16470589,0.1882353,0.21960784,0.24313726,0.25490198,0.25490198,0.2627451,0.2627451,0.25882354,0.25490198,0.27058825,0.27450982,0.30588236,0.31764707,0.2901961,0.2901961,0.33333334,0.36078432,0.3019608,0.101960786,0.09803922,0.09411765,0.09019608,0.09019608,0.105882354,0.11372549,0.13333334,0.13725491,0.13725491,0.14901961,0.16470589,0.18431373,0.20392157,0.22745098,0.24313726,0.25882354,0.2509804,0.24313726,0.24705882,0.25490198,0.26666668,0.27058825,0.28627452,0.34117648,0.34901962,0.26666668,0.21176471,0.101960786,0.105882354,0.11764706,0.09803922,0.09803922,0.11372549,0.17254902,0.19607843,0.15686275,0.1254902,0.12156863,0.13725491,0.14117648,0.16470589,0.19607843,0.20784314,0.24313726,0.25882354,0.27450982,0.28235295,0.30588236,0.3137255,0.31764707,0.2627451,0.21960784,0.1882353,0.16470589,0.15294118,0.078431375,0.08627451,0.08235294,0.08627451,0.08235294,0.08627451,0.11764706,0.14901961,0.15294118,0.12941177,0.11372549,0.12941177,0.1254902,0.14901961,0.16078432,0.1882353,0.2,0.18431373,0.20392157,0.22352941,0.24313726,0.25882354,0.24313726,0.1882353,0.15294118,0.14901961,0.13725491,0.13333334
1,0.73333335,0.73333335,0.7529412,0.76862746,0.7607843,0.74509805,0.73333335,0.74509805,0.7294118,0.72156864,0.74509805,0.77254903,0.7490196,0.7294118,0.7254902,0.7294118,0.7490196,0.7294118,0.70980394,0.7019608,0.7254902,0.69411767,0.6745098,0.68235296,0.6745098,0.6901961,0.6745098,0.6862745,0.64705884,0.6313726,0.65882355,0.6392157,0.68235296,0.7137255,0.67058825,0.59607846,0.5764706,0.57254905,0.58431375,0.6313726,0.68235296,0.7137255,0.69411767,0.6313726,0.5803922,0.54901963,0.58431375,0.6,0.6392157,0.6745098,0.62352943,0.6039216,0.5568628,0.59607846,0.6627451,0.69411767,0.46666667,0.4627451,0.5372549,0.5764706,0.5686275,0.56078434,0.5647059,0.60784316,0.6039216,0.63529414,0.65882355,0.70980394,0.7019608,0.67058825,0.56078434,0.5019608,0.47843137,0.47058824,0.48235294,0.49019608,0.4627451,0.44313726,0.44705883,0.43529412,0.4,0.41568628,0.47843137,0.49803922,0.49803922,0.47843137,0.47843137,0.5176471,0.49019608,0.5176471,0.5372549,0.58431375,0.5764706,0.62352943,0.6666667,0.6666667,0.6431373,0.64705884,0.6431373,0.59607846,0.5411765,0.5058824,0.47058824,0.47843137,0.4509804,0.45490196,0.5019608,0.49019608,0.5058824,0.5019608,0.52156866,0.47058824,0.52156866,0.5764706,0.54509807,0.5529412,0.53333336,0.50980395,0.5529412,0.62352943,0.654902,0.58431375,0.41960785,0.3137255,0.32156864,0.3372549,0.44705883,0.61960787,0.6784314,0.6,0.52156866,0.52156866,0.50980395,0.49411765,0.5294118,0.5254902,0.49803922,0.50980395,0.5529412,0.5058824,0.5137255,0.5529412,0.5529412,0.5686275,0.54901963,0.5137255,0.5921569,0.6627451,0.6117647,0.38431373,0.19215687,0.13333334,0.15686275,0.16078432,0.23921569,0.5803922,0.7254902,0.7647059,0.7176471,0.6745098,0.6156863,0.59607846,0.6156863,0.6156863,0.5568628,0.56078434,0.6,0.62352943,0.4627451,0.5294118,0.57254905,0.59607846,0.56078434,0.6156863,0.7254902,0.6862745,0.44705883,0.20784314,0.08235294,0.043137256,0.047058824,0.039215688,0.105882354,0.38039216,0.57254905,0.6784314,0.7372549,0.68235296,0.70980394,0.7254902,0.6627451,0.6392157,0.6627451,0.70980394,0.77254903,0.7764706,0.48235294,0.5058824,0.5882353,0.6431373,0.6,0.59607846,0.64705884,0.5882353,0.4117647,0.20392157,0.07450981,0.015686275,0.007843138,0.007843138,0.03137255,0.14901961,0.24313726,0.33333334,0.6745098,0.8,0.7019608,0.5019608,0.2901961,0.23137255,0.36078432,0.6313726,0.64705884,0.63529414,0.6509804,0.6627451,0.6784314,0.65882355,0.62352943,0.5294118,0.53333336,0.45490196,0.42352942,0.47058824,0.32941177,0.13725491,0.019607844,0.003921569,0.015686275,0.07450981,0.12941177,0.19215687,0.54509807,0.72156864,0.49803922,0.19607843,0.078431375,0.047058824,0.1254902,0.33333334,0.5058824,0.7254902,0.6156863,0.6431373,0.6666667,0.654902,0.5411765,0.3882353,0.42745098,0.38039216,0.4392157,0.6156863,0.6862745,0.5764706,0.26666668,0.105882354,0.07450981,0.09019608,0.16862746,0.3647059,0.5372549,0.6117647,0.4117647,0.13333334,0.08627451,0.12156863,0.29411766,0.4117647,0.54901963,0.6745098,0.45882353,0.54901963,0.68235296,0.6,0.44705883,0.32156864,0.3254902,0.29803923,0.3882353,0.5411765,0.67058825,0.7411765,0.7254902,0.5411765,0.34901962,0.38431373,0.5647059,0.6862745,0.69411767,0.73333335,0.73333335,0.6313726,0.6313726,0.68235296,0.7058824,0.5921569,0.5529412,0.5686275,0.46666667,0.5686275,0.6156863,0.53333336,0.3882353,0.2901961,0.28235295,0.2509804,0.3019608,0.42745098,0.54901963,0.6313726,0.7137255,0.74509805,0.70980394,0.6627451,0.69803923,0.7411765,0.6862745,0.61960787,0.6509804,0.7607843,0.7921569,0.8039216,0.74509805,0.59607846,0.49803922,0.5411765,0.45882353,0.5294118,0.49411765,0.38431373,0.26666668,0.22745098,0.20392157,0.18039216,0.19215687,0.25490198,0.3372549,0.4,0.45882353,0.5568628,0.59607846,0.5882353,0.6039216,0.59607846,0.49411765,0.5019608,0.63529414,0.8117647,0.84313726,0.7490196,0.6901961,0.5764706,0.54901963,0.5647059,0.3529412,0.39215687,0.34901962,0.2901961,0.2,0.15686275,0.12941177,0.12156863,0.11764706,0.14901961,0.21960784,0.25490198,0.28235295,0.36078432,0.4862745,0.49411765,0.50980395,0.50980395,0.50980395,0.5411765,0.64705884,0.7882353,0.75686276,0.6862745,0.63529414,0.5921569,0.5254902,0.50980395,0.37254903,0.3647059,0.2901961,0.23137255,0.18039216,0.10980392,0.09411765,0.09019608,0.09019608,0.09411765,0.15686275,0.19607843,0.19607843,0.2509804,0.34509805,0.34509805,0.35686275,0.40784314,0.45882353,0.54509807,0.69803923,0.78431374,0.77254903,0.7411765,0.7019608,0.5921569,0.4627451,0.33333334,0.3137255,0.34901962,0.2901961,0.20784314,0.14509805,0.078431375,0.050980393,0.050980393,0.05882353,0.09411765,0.14509805,0.19215687,0.18431373,0.21960784,0.3137255,0.3529412,0.42352942,0.5019608,0.50980395,0.54901963,0.6313726,0.7019608,0.7607843,0.7294118,0.6156863,0.49803922,0.34117648,0.2,0.28627452,0.3019608,0.21960784,0.14901961,0.101960786,0.047058824,0.03137255,0.03529412,0.047058824,0.10980392,0.18431373,0.2627451,0.28627452,0.30980393,0.34117648,0.3647059,0.39215687,0.41960785,0.4392157,0.49019608,0.5529412,0.6039216,0.6117647,0.58431375,0.48235294,0.34901962,0.2784314,0.16862746,0.21960784,0.21960784,0.16470589,0.09803922,0.06666667,0.03137255,0.03137255,0.05490196,0.08235294,0.1254902,0.2,0.28627452,0.34509805,0.38431373,0.36862746,0.3254902,0.31764707,0.2901961,0.2784314,0.32941177,0.39215687,0.44313726,0.45882353,0.45490196,0.41960785,0.31764707,0.23137255,0.15686275,0.16470589,0.23137255,0.15686275,0.07450981,0.050980393,0.03137255,0.05882353,0.1254902,0.18431373,0.2627451,0.37254903,0.42352942,0.4745098,0.4509804,0.34509805,0.26666668,0.22745098,0.20784314,0.23137255,0.28235295,0.33333334,0.38431373,0.45882353,0.49019608,0.45490196,0.34117648,0.24705882,0.23921569,0.09019608,0.16078432,0.16862746,0.08235294,0.050980393,0.03529412,0.050980393,0.14117648,0.23137255,0.36862746,0.47058824,0.5137255,0.49411765,0.39607844,0.28627452,0.22745098,0.21176471,0.19215687,0.21568628,0.25882354,0.30980393,0.35686275,0.4117647,0.42745098,0.39607844,0.3529412,0.31764707,0.27058825,0.023529412,0.043137256,0.050980393,0.02745098,0.023529412,0.02745098,0.039215688,0.09411765,0.1764706,0.27450982,0.36078432,0.38431373,0.37254903,0.30588236,0.23921569,0.21568628,0.18431373,0.16862746,0.18431373,0.22745098,0.27450982,0.3372549,0.35686275,0.33333334,0.3019608,0.23921569,0.2,0.1882353,0.039215688,0.07058824,0.043137256,0.023529412,0.015686275,0.019607844,0.02745098,0.08235294,0.14901961,0.25882354,0.3529412,0.4117647,0.41960785,0.3529412,0.2784314,0.25882354,0.23529412,0.20392157,0.22745098,0.26666668,0.32156864,0.3882353,0.4117647,0.39215687,0.3372549,0.2627451,0.16470589,0.17254902,0.08627451,0.06666667,0.047058824,0.03529412,0.03529412,0.047058824,0.05882353,0.12156863,0.20784314,0.3019608,0.40392157,0.45882353,0.4509804,0.3764706,0.30588236,0.21960784,0.18431373,0.16078432,0.18431373,0.24313726,0.32156864,0.3529412,0.37254903,0.36862746,0.31764707,0.28235295,0.20392157,0.1882353,0.14509805,0.14901961,0.13333334,0.11372549,0.101960786,0.11764706,0.13725491,0.1882353,0.27450982,0.34117648,0.41960785,0.4509804,0.46666667,0.41568628,0.34117648,0.22745098,0.15294118,0.14901961,0.16862746,0.20392157,0.24705882,0.2784314,0.3019608,0.37254903,0.33333334,0.32941177,0.2901961,0.24705882,0.07450981,0.09019608,0.09411765,0.078431375,0.08627451,0.09803922,0.12156863,0.18431373,0.25882354,0.30980393,0.3529412,0.41960785,0.4392157,0.39607844,0.3254902,0.24313726,0.17254902,0.15294118,0.15294118,0.16862746,0.23921569,0.30588236,0.3372549,0.35686275,0.3647059,0.33333334,0.27058825,0.23921569,0.06666667,0.07058824,0.08235294,0.0627451,0.06666667,0.08235294,0.09803922,0.16862746,0.23529412,0.28627452,0.3372549,0.39215687,0.41568628,0.39607844,0.3019608,0.21960784,0.16078432,0.14901961,0.15686275,0.15686275,0.21176471,0.2627451,0.2627451,0.26666668,0.25490198,0.23529412,0.20784314,0.23137255,0.0627451,0.08627451,0.09411765,0.09411765,0.08235294,0.08235294,0.09019608,0.15294118,0.21568628,0.27058825,0.30588236,0.32156864,0.35686275,0.34509805,0.2901961,0.22745098,0.16078432,0.14117648,0.13725491,0.13725491,0.1764706,0.20392157,0.23529412,0.27058825,0.23921569,0.1882353,0.16078432,0.12941177,0.07450981,0.11372549,0.1254902,0.105882354,0.08627451,0.0627451,0.08235294,0.13333334,0.19215687,0.24705882,0.28235295,0.29803923,0.3137255,0.30980393,0.25490198,0.18039216,0.13725491,0.10980392,0.11764706,0.13725491,0.1764706,0.19607843,0.22745098,0.2509804,0.24313726,0.18039216,0.14117648,0.12156863
1,0.7254902,0.6901961,0.67058825,0.6784314,0.6901961,0.69411767,0.6784314,0.67058825,0.6745098,0.6745098,0.6509804,0.6862745,0.68235296,0.7019608,0.6901961,0.65882355,0.654902,0.70980394,0.69411767,0.6392157,0.6627451,0.63529414,0.6666667,0.6901961,0.6862745,0.6901961,0.6862745,0.67058825,0.59607846,0.6509804,0.6627451,0.6862745,0.72156864,0.6901961,0.7176471,0.74509805,0.7372549,0.72156864,0.69803923,0.69411767,0.6901961,0.6745098,0.6431373,0.6117647,0.5647059,0.5882353,0.60784316,0.5803922,0.5803922,0.5137255,0.5686275,0.6313726,0.58431375,0.6,0.61960787,0.627451,0.54509807,0.49803922,0.46666667,0.45882353,0.48235294,0.45490196,0.45490196,0.4745098,0.45490196,0.45490196,0.46666667,0.45490196,0.42745098,0.4509804,0.45882353,0.45490196,0.42745098,0.39607844,0.41960785,0.4627451,0.44705883,0.43529412,0.50980395,0.5529412,0.5176471,0.5372549,0.52156866,0.5176471,0.5294118,0.52156866,0.5176471,0.5137255,0.49803922,0.44705883,0.44705883,0.5058824,0.5372549,0.5686275,0.5686275,0.5372549,0.47843137,0.43529412,0.42745098,0.42745098,0.4392157,0.46666667,0.45882353,0.49019608,0.5294118,0.53333336,0.5058824,0.44313726,0.50980395,0.6039216,0.56078434,0.5254902,0.52156866,0.49019608,0.49803922,0.5176471,0.5058824,0.45882353,0.45490196,0.49803922,0.54901963,0.5411765,0.52156866,0.5568628,0.50980395,0.53333336,0.5647059,0.5686275,0.54901963,0.49019608,0.47843137,0.4627451,0.4745098,0.49803922,0.53333336,0.5058824,0.5529412,0.5921569,0.5254902,0.54901963,0.54901963,0.57254905,0.5686275,0.5137255,0.49411765,0.4745098,0.4509804,0.50980395,0.5921569,0.5294118,0.5568628,0.6117647,0.5254902,0.45490196,0.4627451,0.48235294,0.4745098,0.49803922,0.49803922,0.52156866,0.5529412,0.6117647,0.47843137,0.43137255,0.43529412,0.5254902,0.6627451,0.72156864,0.58431375,0.61960787,0.5921569,0.627451,0.5803922,0.5137255,0.5058824,0.56078434,0.5764706,0.49803922,0.5058824,0.5803922,0.5294118,0.4745098,0.5019608,0.49019608,0.5294118,0.5137255,0.56078434,0.5921569,0.6313726,0.58431375,0.44313726,0.3372549,0.36078432,0.4627451,0.5411765,0.6784314,0.45490196,0.5647059,0.6039216,0.60784316,0.6039216,0.56078434,0.47058824,0.5294118,0.6313726,0.5882353,0.5294118,0.5019608,0.6039216,0.6431373,0.6392157,0.627451,0.61960787,0.6666667,0.6666667,0.654902,0.654902,0.5764706,0.5764706,0.48235294,0.4627451,0.4627451,0.45882353,0.5529412,0.4745098,0.53333336,0.5647059,0.5921569,0.5882353,0.57254905,0.50980395,0.5803922,0.6392157,0.68235296,0.6627451,0.62352943,0.61960787,0.74509805,0.76862746,0.8392157,0.8392157,0.7882353,0.70980394,0.7294118,0.76862746,0.6745098,0.54509807,0.4509804,0.3882353,0.3137255,0.30588236,0.39607844,0.4627451,0.57254905,0.5882353,0.56078434,0.5764706,0.5764706,0.5372549,0.5137255,0.5254902,0.5803922,0.5764706,0.5803922,0.6901961,0.69803923,0.6627451,0.7254902,0.7882353,0.80784315,0.76862746,0.6039216,0.57254905,0.5647059,0.52156866,0.4627451,0.3764706,0.27450982,0.29803923,0.38039216,0.43137255,0.5372549,0.59607846,0.60784316,0.62352943,0.62352943,0.6392157,0.62352943,0.69411767,0.72156864,0.7019608,0.654902,0.6862745,0.7058824,0.6745098,0.6901961,0.7764706,0.7411765,0.7137255,0.63529414,0.654902,0.7176471,0.7254902,0.58431375,0.39607844,0.38431373,0.43137255,0.4862745,0.47843137,0.54509807,0.57254905,0.5764706,0.5764706,0.5686275,0.5411765,0.4509804,0.4627451,0.49019608,0.42745098,0.35686275,0.34901962,0.4392157,0.68235296,0.7176471,0.7176471,0.7294118,0.7607843,0.8235294,0.8509804,0.78039217,0.67058825,0.4392157,0.36078432,0.4509804,0.47843137,0.4627451,0.61960787,0.63529414,0.6313726,0.5882353,0.5372549,0.49803922,0.38431373,0.27058825,0.27450982,0.28235295,0.2509804,0.23529412,0.2627451,0.3019608,0.34117648,0.3882353,0.43137255,0.4509804,0.5882353,0.76862746,0.78431374,0.6509804,0.47058824,0.42352942,0.45490196,0.43137255,0.4117647,0.40784314,0.4745098,0.49411765,0.49019608,0.5647059,0.54901963,0.49019608,0.31764707,0.22352941,0.22352941,0.23137255,0.20392157,0.2,0.21568628,0.22745098,0.24705882,0.29411766,0.30980393,0.3019608,0.42745098,0.5411765,0.57254905,0.5254902,0.56078434,0.62352943,0.5176471,0.37254903,0.3764706,0.4117647,0.43529412,0.43137255,0.44313726,0.49411765,0.49411765,0.49803922,0.3137255,0.25490198,0.21960784,0.18039216,0.15686275,0.2,0.2,0.1764706,0.19607843,0.26666668,0.28235295,0.33333334,0.43529412,0.5254902,0.5803922,0.6313726,0.6431373,0.56078434,0.40784314,0.35686275,0.3647059,0.40784314,0.39215687,0.43137255,0.47058824,0.47058824,0.45882353,0.41960785,0.45490196,0.56078434,0.5254902,0.34117648,0.28235295,0.45882353,0.5137255,0.5882353,0.6784314,0.75686276,0.7294118,0.7019608,0.6666667,0.654902,0.6313726,0.58431375,0.56078434,0.53333336,0.42745098,0.38431373,0.3647059,0.39215687,0.3764706,0.38431373,0.3647059,0.38039216,0.3647059,0.3647059,0.4392157,0.58431375,0.7294118,0.72156864,0.7490196,0.81960785,0.8352941,0.84313726,0.8666667,0.92941177,0.90588236,0.87058824,0.79607844,0.7176471,0.62352943,0.5411765,0.52156866,0.42352942,0.36078432,0.3254902,0.30980393,0.34509805,0.4,0.36078432,0.3254902,0.33333334,0.33333334,0.3529412,0.43529412,0.5529412,0.6784314,0.72156864,0.74509805,0.7647059,0.77254903,0.78431374,0.78431374,0.77254903,0.7372549,0.65882355,0.54901963,0.5019608,0.43529412,0.4,0.38039216,0.36862746,0.34509805,0.34509805,0.36862746,0.43137255,0.45882353,0.42745098,0.35686275,0.30588236,0.31764707,0.3529412,0.4117647,0.5254902,0.6117647,0.6666667,0.67058825,0.67058825,0.67058825,0.6784314,0.68235296,0.654902,0.60784316,0.5803922,0.5294118,0.50980395,0.4627451,0.4509804,0.45882353,0.45882353,0.43529412,0.44313726,0.40784314,0.34509805,0.43137255,0.39607844,0.33333334,0.3019608,0.3019608,0.35686275,0.4392157,0.5294118,0.56078434,0.5764706,0.5803922,0.5529412,0.5764706,0.59607846,0.62352943,0.61960787,0.6039216,0.5372549,0.5019608,0.47058824,0.42745098,0.44313726,0.50980395,0.54901963,0.52156866,0.4117647,0.3019608,0.26666668,0.38039216,0.33333334,0.2901961,0.28627452,0.29803923,0.32941177,0.3882353,0.43529412,0.4745098,0.52156866,0.5411765,0.56078434,0.57254905,0.5803922,0.5921569,0.6431373,0.654902,0.5647059,0.5058824,0.5019608,0.46666667,0.45490196,0.47058824,0.45490196,0.40392157,0.34117648,0.2901961,0.26666668,0.32941177,0.32156864,0.30980393,0.28627452,0.27450982,0.3019608,0.38039216,0.4627451,0.5529412,0.5921569,0.6313726,0.62352943,0.6,0.5882353,0.5254902,0.53333336,0.53333336,0.48235294,0.4745098,0.45882353,0.42745098,0.3647059,0.34901962,0.3647059,0.34901962,0.3372549,0.29411766,0.2627451,0.30588236,0.28235295,0.26666668,0.2509804,0.2509804,0.27058825,0.35686275,0.42352942,0.4392157,0.49411765,0.50980395,0.5058824,0.5568628,0.58431375,0.45490196,0.42745098,0.42745098,0.40784314,0.39215687,0.36078432,0.33333334,0.29803923,0.29411766,0.28627452,0.29803923,0.2784314,0.2509804,0.22745098,0.29803923,0.27450982,0.2627451,0.24313726,0.23137255,0.24313726,0.2627451,0.30980393,0.3254902,0.35686275,0.35686275,0.3647059,0.3764706,0.3882353,0.38039216,0.36078432,0.3529412,0.34901962,0.32156864,0.3137255,0.2901961,0.28235295,0.29803923,0.30588236,0.3254902,0.31764707,0.31764707,0.3254902,0.32156864,0.28627452,0.23921569,0.22745098,0.22745098,0.23921569,0.23529412,0.24705882,0.2784314,0.3019608,0.33333334,0.34509805,0.3647059,0.42352942,0.5921569,0.6,0.5803922,0.5647059,0.5254902,0.5058824,0.48235294,0.43529412,0.41960785,0.43529412,0.47843137,0.4862745,0.47058824,0.44313726,0.25882354,0.23137255,0.20392157,0.20784314,0.21176471,0.23137255,0.23137255,0.23137255,0.23921569,0.26666668,0.2901961,0.29803923,0.33333334,0.38039216,0.5137255,0.6,0.63529414,0.6,0.58431375,0.6,0.6039216,0.5686275,0.57254905,0.57254905,0.5686275,0.49019608,0.37254903,0.34117648,0.3137255,0.32156864,0.29411766,0.25882354,0.25490198,0.23921569,0.22352941,0.20784314,0.20392157,0.21176471,0.22745098,0.24313726,0.24705882,0.2901961,0.38039216,0.40392157,0.41568628,0.40784314,0.39215687,0.39215687,0.39215687,0.39215687,0.38431373,0.38431373,0.38431373,0.3529412,0.30588236,0.27058825,0.2784314,0.23529412,0.23137255,0.20784314,0.19607843,0.19607843,0.1764706,0.17254902,0.17254902,0.1882353,0.20392157,0.21568628,0.23921569,0.28235295,0.36862746,0.4,0.39607844,0.3882353,0.39215687,0.37254903,0.34117648,0.3254902,0.30980393,0.30980393,0.3019608,0.2901961,0.2627451,0.25490198
1,0.5921569,0.60784316,0.58431375,0.6039216,0.65882355,0.6784314,0.6627451,0.6784314,0.65882355,0.63529414,0.61960787,0.65882355,0.6745098,0.6431373,0.6392157,0.6509804,0.6431373,0.6156863,0.5921569,0.5647059,0.5803922,0.59607846,0.64705884,0.6039216,0.6117647,0.6,0.627451,0.65882355,0.49019608,0.5411765,0.5568628,0.5764706,0.5921569,0.5882353,0.5294118,0.53333336,0.49803922,0.47843137,0.49411765,0.5176471,0.5294118,0.5254902,0.5019608,0.5019608,0.49803922,0.49411765,0.4745098,0.49411765,0.5294118,0.5254902,0.48235294,0.45882353,0.48235294,0.4627451,0.45490196,0.49411765,0.3647059,0.39607844,0.41960785,0.44313726,0.4509804,0.4627451,0.44313726,0.4745098,0.4392157,0.4117647,0.40392157,0.38039216,0.39607844,0.41568628,0.42352942,0.43529412,0.4509804,0.42352942,0.40784314,0.40784314,0.42745098,0.4392157,0.46666667,0.57254905,0.5764706,0.57254905,0.5764706,0.56078434,0.4627451,0.49019608,0.5137255,0.49803922,0.49411765,0.49411765,0.47058824,0.47058824,0.45882353,0.45490196,0.42745098,0.4117647,0.40784314,0.43529412,0.44705883,0.4627451,0.49411765,0.46666667,0.4392157,0.41568628,0.41568628,0.4117647,0.42352942,0.4392157,0.47058824,0.48235294,0.44705883,0.4509804,0.54901963,0.6039216,0.6,0.6117647,0.63529414,0.6784314,0.6784314,0.6509804,0.62352943,0.61960787,0.5921569,0.5294118,0.48235294,0.5137255,0.54509807,0.53333336,0.5058824,0.49019608,0.45490196,0.4392157,0.4509804,0.42745098,0.3882353,0.4627451,0.5019608,0.5176471,0.5176471,0.56078434,0.5921569,0.6392157,0.56078434,0.4509804,0.40784314,0.41960785,0.42352942,0.5019608,0.5411765,0.5372549,0.6039216,0.6862745,0.6509804,0.6,0.6509804,0.69803923,0.7294118,0.7058824,0.6666667,0.5372549,0.48235294,0.45882353,0.44313726,0.4745098,0.5176471,0.5137255,0.50980395,0.5254902,0.32941177,0.25490198,0.18431373,0.17254902,0.21176471,0.21568628,0.2,0.21176471,0.23921569,0.3647059,0.5411765,0.5764706,0.47058824,0.4627451,0.54901963,0.6117647,0.654902,0.6862745,0.6901961,0.6431373,0.60784316,0.5803922,0.5764706,0.6509804,0.69803923,0.69803923,0.6901961,0.69411767,0.12941177,0.09411765,0.09803922,0.1254902,0.14117648,0.14117648,0.1254902,0.11764706,0.11372549,0.13333334,0.23921569,0.38039216,0.34117648,0.3764706,0.5137255,0.6117647,0.65882355,0.7254902,0.7764706,0.6901961,0.6627451,0.52156866,0.41960785,0.54901963,0.7372549,0.78431374,0.7764706,0.79607844,0.08627451,0.07058824,0.08235294,0.11764706,0.11764706,0.101960786,0.078431375,0.05882353,0.0627451,0.05882353,0.10980392,0.32156864,0.4392157,0.41568628,0.45882353,0.5686275,0.5921569,0.627451,0.6862745,0.6666667,0.62352943,0.57254905,0.5058824,0.4862745,0.47058824,0.6313726,0.7058824,0.6901961,0.23921569,0.078431375,0.05882353,0.06666667,0.07058824,0.0627451,0.047058824,0.043137256,0.047058824,0.039215688,0.05882353,0.1882353,0.3647059,0.41960785,0.39607844,0.4,0.4117647,0.35686275,0.4,0.5137255,0.5372549,0.5137255,0.49019608,0.46666667,0.4509804,0.49019608,0.5764706,0.62352943,0.4,0.21960784,0.0627451,0.07450981,0.07058824,0.05882353,0.03529412,0.02745098,0.03137255,0.039215688,0.047058824,0.06666667,0.09411765,0.14509805,0.22745098,0.16862746,0.15294118,0.14901961,0.17254902,0.23137255,0.2901961,0.4117647,0.41568628,0.40784314,0.39607844,0.43137255,0.45882353,0.4862745,0.4862745,0.4392157,0.14509805,0.05882353,0.05490196,0.03529412,0.02745098,0.023529412,0.02745098,0.03137255,0.03529412,0.047058824,0.0627451,0.17254902,0.15294118,0.11372549,0.10980392,0.11372549,0.11764706,0.11764706,0.11764706,0.23921569,0.31764707,0.3529412,0.3764706,0.4392157,0.44313726,0.40784314,0.56078434,0.6117647,0.47843137,0.15294118,0.050980393,0.02745098,0.019607844,0.019607844,0.023529412,0.02745098,0.02745098,0.047058824,0.15294118,0.30588236,0.17254902,0.1764706,0.12156863,0.09803922,0.101960786,0.09411765,0.09019608,0.16078432,0.26666668,0.26666668,0.23529412,0.23137255,0.27058825,0.3254902,0.4509804,0.57254905,0.68235296,0.5137255,0.23529412,0.08627451,0.019607844,0.007843138,0.003921569,0.007843138,0.015686275,0.07450981,0.20784314,0.26666668,0.19607843,0.21568628,0.18039216,0.09803922,0.09411765,0.09411765,0.09411765,0.12156863,0.19607843,0.13333334,0.12156863,0.15294118,0.18431373,0.24313726,0.32156864,0.47843137,0.6784314,0.75686276,0.6627451,0.46666667,0.3254902,0.27058825,0.27450982,0.30980393,0.34117648,0.40784314,0.40784314,0.3137255,0.1882353,0.27058825,0.44313726,0.40392157,0.40392157,0.36862746,0.2901961,0.1764706,0.09803922,0.14117648,0.20784314,0.23921569,0.27450982,0.30588236,0.32941177,0.4,0.47843137,0.61960787,0.72156864,0.6509804,0.4745098,0.39607844,0.40392157,0.36078432,0.40392157,0.47843137,0.4,0.24705882,0.14509805,0.24705882,0.4627451,0.56078434,0.5568628,0.4745098,0.39215687,0.23921569,0.12156863,0.1764706,0.2784314,0.34117648,0.36078432,0.38039216,0.3254902,0.4862745,0.52156866,0.5411765,0.5882353,0.60784316,0.5647059,0.47843137,0.48235294,0.4627451,0.39607844,0.38039216,0.29803923,0.18431373,0.09019608,0.21568628,0.42745098,0.49803922,0.5058824,0.45490196,0.37254903,0.23137255,0.105882354,0.13725491,0.23529412,0.27450982,0.27450982,0.28235295,0.26666668,0.40392157,0.5058824,0.49019608,0.49411765,0.5764706,0.6392157,0.63529414,0.5921569,0.5686275,0.45490196,0.3372549,0.18431373,0.07450981,0.050980393,0.12941177,0.35686275,0.40784314,0.42352942,0.35686275,0.3019608,0.20784314,0.08235294,0.08627451,0.14901961,0.1882353,0.1764706,0.1764706,0.3254902,0.3764706,0.39215687,0.42352942,0.4117647,0.5686275,0.61960787,0.58431375,0.57254905,0.54509807,0.41960785,0.3137255,0.15294118,0.023529412,0.019607844,0.09803922,0.24705882,0.2784314,0.32156864,0.2784314,0.19607843,0.12156863,0.03529412,0.02745098,0.078431375,0.12156863,0.13333334,0.12156863,0.2,0.31764707,0.37254903,0.3019608,0.35686275,0.49803922,0.6392157,0.61960787,0.5568628,0.47058824,0.3019608,0.19607843,0.06666667,0.007843138,0.007843138,0.08627451,0.19215687,0.23921569,0.2509804,0.1882353,0.12941177,0.07058824,0.02745098,0.015686275,0.03529412,0.0627451,0.07058824,0.07450981,0.11372549,0.24313726,0.32941177,0.34901962,0.3882353,0.4509804,0.5882353,0.5921569,0.49803922,0.3254902,0.16470589,0.09019608,0.019607844,0.003921569,0.003921569,0.050980393,0.10980392,0.16862746,0.20784314,0.16862746,0.1254902,0.05882353,0.015686275,0.011764706,0.019607844,0.02745098,0.03529412,0.039215688,0.11764706,0.20392157,0.22352941,0.27058825,0.35686275,0.46666667,0.5019608,0.4745098,0.38431373,0.23529412,0.13725491,0.0627451,0.015686275,0.003921569,0.003921569,0.019607844,0.07058824,0.11372549,0.14117648,0.12156863,0.08235294,0.03137255,0.011764706,0.011764706,0.015686275,0.019607844,0.019607844,0.023529412,0.16078432,0.19215687,0.19215687,0.24313726,0.3019608,0.35686275,0.35686275,0.3137255,0.23921569,0.12941177,0.09019608,0.047058824,0.011764706,0.007843138,0.003921569,0.011764706,0.047058824,0.07450981,0.09019608,0.09411765,0.043137256,0.02745098,0.015686275,0.011764706,0.015686275,0.023529412,0.02745098,0.03137255,0.18039216,0.19215687,0.1882353,0.22745098,0.24705882,0.26666668,0.23921569,0.18431373,0.1254902,0.09411765,0.07058824,0.03529412,0.011764706,0.011764706,0.011764706,0.011764706,0.02745098,0.043137256,0.05490196,0.07450981,0.047058824,0.02745098,0.019607844,0.019607844,0.02745098,0.02745098,0.039215688,0.047058824,0.21568628,0.23921569,0.23529412,0.25882354,0.23529412,0.23137255,0.20392157,0.15294118,0.10980392,0.07450981,0.047058824,0.03137255,0.02745098,0.023529412,0.02745098,0.02745098,0.039215688,0.050980393,0.05490196,0.05882353,0.047058824,0.043137256,0.039215688,0.043137256,0.047058824,0.047058824,0.050980393,0.05882353,0.16078432,0.16862746,0.1882353,0.21960784,0.19215687,0.1882353,0.18431373,0.14901961,0.101960786,0.07450981,0.050980393,0.047058824,0.043137256,0.03529412,0.03529412,0.039215688,0.047058824,0.05490196,0.05490196,0.0627451,0.06666667,0.05882353,0.05490196,0.05882353,0.0627451,0.0627451,0.0627451,0.06666667,0.14509805,0.14509805,0.15294118,0.15294118,0.13333334,0.14901961,0.16078432,0.13725491,0.09411765,0.07450981,0.05882353,0.047058824,0.050980393,0.047058824,0.043137256,0.043137256,0.050980393,0.047058824,0.05490196,0.0627451,0.0627451,0.0627451,0.05882353,0.05882353,0.05882353,0.0627451,0.0627451,0.05882353,0.16470589,0.15294118,0.15686275,0.12941177,0.101960786,0.10980392,0.11764706,0.12156863,0.09803922,0.06666667,0.05490196,0.05490196,0.050980393,0.047058824,0.039215688,0.043137256,0.047058824,0.047058824,0.047058824,0.05490196,0.05490196,0.05882353,0.050980393,0.050980393,0.0627451,0.0627451,0.06666667,0.0627451
0,0.4509804,0.45882353,0.5137255,0.5686275,0.54509807,0.53333336,0.49411765,0.49411765,0.4862745,0.49803922,0.5137255,0.5176471,0.5803922,0.59607846,0.6156863,0.61960787,0.56078434,0.49411765,0.5411765,0.5411765,0.5019608,0.4627451,0.5019608,0.49803922,0.5137255,0.5529412,0.5372549,0.47843137,0.42745098,0.42352942,0.45490196,0.5254902,0.56078434,0.54509807,0.49019608,0.5568628,0.5411765,0.5411765,0.5764706,0.53333336,0.54901963,0.5764706,0.6117647,0.5882353,0.5294118,0.5294118,0.5803922,0.5764706,0.5686275,0.52156866,0.45882353,0.4745098,0.50980395,0.5294118,0.5176471,0.4862745,0.52156866,0.5176471,0.53333336,0.5882353,0.53333336,0.39607844,0.4117647,0.4862745,0.57254905,0.6509804,0.6156863,0.5019608,0.5137255,0.5568628,0.56078434,0.57254905,0.5882353,0.56078434,0.60784316,0.627451,0.6392157,0.6392157,0.53333336,0.47843137,0.5372549,0.5411765,0.58431375,0.6156863,0.4745098,0.5176471,0.5019608,0.4509804,0.4,0.30980393,0.43137255,0.50980395,0.47058824,0.5294118,0.46666667,0.4392157,0.5058824,0.58431375,0.5764706,0.5882353,0.6117647,0.57254905,0.63529414,0.6901961,0.69411767,0.6666667,0.54901963,0.49803922,0.5529412,0.6,0.65882355,0.6784314,0.4509804,0.5372549,0.5058824,0.34117648,0.24313726,0.2784314,0.38431373,0.4745098,0.4,0.34901962,0.32156864,0.42745098,0.49803922,0.5568628,0.59607846,0.58431375,0.6039216,0.57254905,0.6431373,0.69803923,0.6745098,0.60784316,0.53333336,0.5294118,0.60784316,0.6392157,0.6431373,0.6392157,0.47058824,0.5529412,0.47843137,0.24313726,0.18039216,0.24705882,0.30980393,0.3254902,0.3137255,0.27450982,0.30588236,0.41568628,0.5137255,0.5764706,0.5803922,0.5764706,0.6117647,0.60784316,0.62352943,0.65882355,0.63529414,0.62352943,0.5764706,0.5372549,0.5921569,0.62352943,0.6666667,0.6784314,0.45882353,0.47843137,0.3529412,0.18039216,0.1882353,0.23921569,0.30588236,0.32156864,0.2627451,0.23529412,0.23137255,0.38431373,0.5529412,0.59607846,0.5686275,0.5411765,0.57254905,0.58431375,0.59607846,0.65882355,0.6862745,0.6039216,0.5411765,0.54901963,0.5686275,0.6039216,0.627451,0.6313726,0.41568628,0.36078432,0.24313726,0.14509805,0.16078432,0.18039216,0.19607843,0.19607843,0.1882353,0.15294118,0.13725491,0.22745098,0.4,0.5019608,0.47843137,0.4392157,0.45882353,0.4745098,0.46666667,0.5058824,0.65882355,0.6313726,0.5372549,0.5137255,0.5294118,0.58431375,0.63529414,0.6392157,0.30588236,0.23529412,0.13725491,0.11372549,0.11372549,0.101960786,0.09411765,0.11372549,0.101960786,0.08627451,0.08627451,0.1254902,0.24705882,0.3764706,0.34509805,0.31764707,0.3254902,0.31764707,0.31764707,0.4,0.6117647,0.6431373,0.5529412,0.52156866,0.52156866,0.60784316,0.6627451,0.6627451,0.20784314,0.16862746,0.101960786,0.105882354,0.09411765,0.05882353,0.05882353,0.06666667,0.050980393,0.047058824,0.047058824,0.09019608,0.14901961,0.22352941,0.22745098,0.22745098,0.26666668,0.25490198,0.25882354,0.32156864,0.40392157,0.48235294,0.54901963,0.5803922,0.5647059,0.6,0.6313726,0.6784314,0.14117648,0.101960786,0.0627451,0.0627451,0.05490196,0.047058824,0.039215688,0.039215688,0.03137255,0.03529412,0.03529412,0.078431375,0.12941177,0.1764706,0.23137255,0.21960784,0.23921569,0.27058825,0.27058825,0.28627452,0.32941177,0.3529412,0.41568628,0.5176471,0.57254905,0.5921569,0.6313726,0.7058824,0.07450981,0.05490196,0.039215688,0.03529412,0.03529412,0.03137255,0.03137255,0.03529412,0.03529412,0.039215688,0.047058824,0.101960786,0.17254902,0.19607843,0.20392157,0.21960784,0.23529412,0.25490198,0.28235295,0.27058825,0.2784314,0.30588236,0.3372549,0.41568628,0.5686275,0.6431373,0.7137255,0.74509805,0.043137256,0.043137256,0.03137255,0.02745098,0.03529412,0.015686275,0.023529412,0.023529412,0.02745098,0.03529412,0.047058824,0.12156863,0.19607843,0.20784314,0.19215687,0.1882353,0.21568628,0.23921569,0.2509804,0.2509804,0.22745098,0.24705882,0.25882354,0.3019608,0.41568628,0.5686275,0.63529414,0.5882353,0.039215688,0.03137255,0.023529412,0.019607844,0.015686275,0.015686275,0.011764706,0.011764706,0.015686275,0.023529412,0.043137256,0.11764706,0.1764706,0.1764706,0.19215687,0.18431373,0.16862746,0.18039216,0.1882353,0.16470589,0.16078432,0.1764706,0.19607843,0.22745098,0.3019608,0.4392157,0.4862745,0.4509804,0.02745098,0.019607844,0.019607844,0.019607844,0.011764706,0.007843138,0.011764706,0.011764706,0.015686275,0.011764706,0.03529412,0.07058824,0.105882354,0.14117648,0.16470589,0.1764706,0.16470589,0.14509805,0.14117648,0.1254902,0.11764706,0.11372549,0.1254902,0.14901961,0.2,0.34509805,0.46666667,0.48235294,0.02745098,0.023529412,0.019607844,0.019607844,0.011764706,0.011764706,0.011764706,0.007843138,0.011764706,0.007843138,0.02745098,0.05490196,0.08235294,0.101960786,0.08235294,0.0627451,0.09019608,0.10980392,0.10980392,0.101960786,0.078431375,0.078431375,0.09019608,0.10980392,0.14901961,0.2901961,0.42745098,0.43137255,0.023529412,0.015686275,0.015686275,0.011764706,0.007843138,0.011764706,0.007843138,0.007843138,0.007843138,0.007843138,0.011764706,0.023529412,0.039215688,0.043137256,0.03529412,0.03137255,0.050980393,0.0627451,0.06666667,0.05490196,0.050980393,0.05882353,0.05882353,0.06666667,0.101960786,0.20784314,0.34901962,0.30588236,0.039215688,0.02745098,0.019607844,0.023529412,0.011764706,0.007843138,0.011764706,0.007843138,0.007843138,0.007843138,0.011764706,0.015686275,0.023529412,0.02745098,0.023529412,0.02745098,0.03529412,0.043137256,0.047058824,0.047058824,0.03529412,0.043137256,0.047058824,0.05490196,0.078431375,0.13333334,0.18039216,0.15686275,0.03529412,0.023529412,0.02745098,0.023529412,0.015686275,0.015686275,0.011764706,0.007843138,0.011764706,0.011764706,0.011764706,0.019607844,0.02745098,0.02745098,0.03529412,0.039215688,0.043137256,0.043137256,0.039215688,0.03529412,0.03137255,0.039215688,0.047058824,0.05490196,0.0627451,0.07450981,0.09411765,0.09803922,0.02745098,0.023529412,0.02745098,0.019607844,0.015686275,0.015686275,0.011764706,0.011764706,0.007843138,0.007843138,0.007843138,0.007843138,0.011764706,0.015686275,0.02745098,0.03529412,0.039215688,0.039215688,0.03137255,0.02745098,0.023529412,0.02745098,0.047058824,0.03529412,0.043137256,0.047058824,0.06666667,0.078431375,0.02745098,0.023529412,0.019607844,0.019607844,0.015686275,0.019607844,0.011764706,0.015686275,0.015686275,0.03529412,0.050980393,0.023529412,0.019607844,0.023529412,0.02745098,0.023529412,0.02745098,0.02745098,0.019607844,0.019607844,0.015686275,0.019607844,0.03137255,0.023529412,0.03137255,0.03137255,0.050980393,0.08235294,0.03137255,0.023529412,0.023529412,0.019607844,0.015686275,0.019607844,0.015686275,0.015686275,0.011764706,0.011764706,0.015686275,0.015686275,0.015686275,0.011764706,0.011764706,0.019607844,0.019607844,0.015686275,0.015686275,0.019607844,0.015686275,0.019607844,0.019607844,0.019607844,0.02745098,0.03137255,0.050980393,0.05882353,0.03529412,0.02745098,0.02745098,0.019607844,0.019607844,0.019607844,0.015686275,0.015686275,0.015686275,0.015686275,0.011764706,0.011764706,0.011764706,0.011764706,0.007843138,0.011764706,0.015686275,0.015686275,0.015686275,0.015686275,0.015686275,0.011764706,0.019607844,0.019607844,0.023529412,0.03137255,0.039215688,0.047058824,0.039215688,0.03529412,0.039215688,0.02745098,0.019607844,0.023529412,0.023529412,0.019607844,0.015686275,0.007843138,0.011764706,0.007843138,0.007843138,0.011764706,0.007843138,0.011764706,0.011764706,0.011764706,0.011764706,0.015686275,0.019607844,0.019607844,0.019607844,0.015686275,0.019607844,0.03137255,0.039215688,0.050980393,0.03529412,0.03529412,0.039215688,0.02745098,0.023529412,0.023529412,0.019607844,0.015686275,0.015686275,0.011764706,0.015686275,0.011764706,0.011764706,0.011764706,0.011764706,0.011764706,0.015686275,0.015686275,0.015686275,0.015686275,0.019607844,0.023529412,0.019607844,0.019607844,0.023529412,0.03137255,0.039215688,0.043137256,0.039215688,0.043137256,0.03529412,0.03137255,0.023529412,0.019607844,0.023529412,0.019607844,0.011764706,0.015686275,0.015686275,0.015686275,0.011764706,0.019607844,0.011764706,0.015686275,0.019607844,0.019607844,0.019607844,0.011764706,0.011764706,0.019607844,0.019607844,0.019607844,0.019607844,0.03137255,0.039215688,0.039215688,0.043137256,0.047058824,0.043137256,0.03137255,0.023529412,0.03137255,0.02745098,0.019607844,0.019607844,0.015686275,0.015686275,0.015686275,0.015686275,0.019607844,0.015686275,0.015686275,0.019607844,0.023529412,0.019607844,0.015686275,0.023529412,0.015686275,0.019607844,0.023529412,0.02745098,0.03137255,0.039215688,0.039215688,0.03529412,0.03529412,0.03137255,0.03137255,0.019607844,0.03137255,0.023529412,0.023529412,0.02745098,0.019607844,0.015686275,0.011764706,0.015686275,0.015686275,0.015686275,0.019607844,0.019607844,0.023529412,0.019607844,0.019607844,0.023529412,0.015686275,0.023529412,0.019607844,0.023529412,0.02745098,0.03529412,0.039215688
1,0.68235296,0.73333335,0.7529412,0.7372549,0.68235296,0.6627451,0.72156864,0.7411765,0.7294118,0.7294118,0.6745098,0.6784314,0.67058825,0.7058824,0.7058824,0.69803923,0.69411767,0.6901961,0.7019608,0.6862745,0.654902,0.6901961,0.6862745,0.7372549,0.70980394,0.70980394,0.7137255,0.6901961,0.54509807,0.5529412,0.5686275,0.5764706,0.5764706,0.6117647,0.7019608,0.73333335,0.6784314,0.6392157,0.6156863,0.5529412,0.4862745,0.49411765,0.5294118,0.5686275,0.5176471,0.49019608,0.47843137,0.5176471,0.47058824,0.5058824,0.5411765,0.5882353,0.52156866,0.46666667,0.4862745,0.5372549,0.49411765,0.49411765,0.52156866,0.4862745,0.42745098,0.41568628,0.42352942,0.47058824,0.48235294,0.5176471,0.5647059,0.5803922,0.5803922,0.57254905,0.5686275,0.5568628,0.49803922,0.45882353,0.3764706,0.41960785,0.4,0.44313726,0.44705883,0.4627451,0.4862745,0.4117647,0.43529412,0.5137255,0.49411765,0.5019608,0.47843137,0.40392157,0.39215687,0.39607844,0.3882353,0.42745098,0.4509804,0.45490196,0.4509804,0.4509804,0.45490196,0.52156866,0.5019608,0.43137255,0.43529412,0.4862745,0.5137255,0.5686275,0.57254905,0.6,0.45490196,0.4117647,0.4862745,0.46666667,0.5372549,0.49019608,0.56078434,0.54509807,0.44705883,0.42745098,0.43137255,0.43137255,0.45490196,0.45882353,0.45490196,0.4509804,0.44313726,0.44705883,0.48235294,0.49019608,0.52156866,0.4745098,0.45882353,0.44313726,0.3882353,0.44705883,0.50980395,0.5411765,0.44705883,0.41568628,0.46666667,0.45882353,0.4745098,0.41960785,0.6,0.54509807,0.48235294,0.4745098,0.4745098,0.47058824,0.49803922,0.4862745,0.45490196,0.4745098,0.4745098,0.5372549,0.5254902,0.48235294,0.5137255,0.46666667,0.43529412,0.41568628,0.39607844,0.4117647,0.47058824,0.4509804,0.43529412,0.41960785,0.47058824,0.50980395,0.5137255,0.4745098,0.58431375,0.5372549,0.5254902,0.56078434,0.53333336,0.5176471,0.5176471,0.5254902,0.5294118,0.5529412,0.53333336,0.5372549,0.48235294,0.4862745,0.5019608,0.44705883,0.45882353,0.4509804,0.3882353,0.38431373,0.44705883,0.45490196,0.5019608,0.4862745,0.4862745,0.5176471,0.4862745,0.38039216,0.54901963,0.5176471,0.5411765,0.5803922,0.5372549,0.52156866,0.5294118,0.5254902,0.53333336,0.5294118,0.54901963,0.58431375,0.56078434,0.52156866,0.5254902,0.5372549,0.5568628,0.5176471,0.43529412,0.41568628,0.4509804,0.47843137,0.4745098,0.45882353,0.48235294,0.49803922,0.47058824,0.3764706,0.57254905,0.5529412,0.5058824,0.4862745,0.52156866,0.5529412,0.60784316,0.5647059,0.54901963,0.5647059,0.56078434,0.5764706,0.54509807,0.4862745,0.45882353,0.54509807,0.58431375,0.59607846,0.654902,0.59607846,0.48235294,0.50980395,0.49411765,0.48235294,0.49411765,0.4862745,0.46666667,0.40392157,0.64705884,0.64705884,0.54509807,0.4862745,0.5137255,0.5529412,0.65882355,0.6627451,0.60784316,0.5529412,0.5764706,0.58431375,0.4117647,0.3882353,0.46666667,0.43137255,0.38039216,0.43137255,0.5411765,0.53333336,0.54509807,0.6039216,0.5411765,0.5019608,0.5254902,0.6,0.5882353,0.5254902,0.59607846,0.5686275,0.5803922,0.6117647,0.59607846,0.5803922,0.54901963,0.5803922,0.69411767,0.7019608,0.6862745,0.5882353,0.38039216,0.38039216,0.3529412,0.29803923,0.34901962,0.41960785,0.5058824,0.4862745,0.5568628,0.5529412,0.4745098,0.5254902,0.5882353,0.61960787,0.5764706,0.5137255,0.59607846,0.5568628,0.5294118,0.5372549,0.54901963,0.5803922,0.6117647,0.65882355,0.67058825,0.78039217,0.7647059,0.63529414,0.50980395,0.48235294,0.40784314,0.3882353,0.44313726,0.56078434,0.52156866,0.4117647,0.44313726,0.49803922,0.54509807,0.59607846,0.5921569,0.5137255,0.4862745,0.45882353,0.7607843,0.7176471,0.64705884,0.6313726,0.5921569,0.57254905,0.6509804,0.7372549,0.73333335,0.8156863,0.7490196,0.62352943,0.54901963,0.5764706,0.6313726,0.64705884,0.6784314,0.67058825,0.5882353,0.54901963,0.5921569,0.627451,0.6392157,0.627451,0.6117647,0.54901963,0.52156866,0.4862745,0.6313726,0.627451,0.5882353,0.63529414,0.6901961,0.6862745,0.6901961,0.72156864,0.78431374,0.7921569,0.74509805,0.6313726,0.5764706,0.6313726,0.6392157,0.64705884,0.6862745,0.654902,0.59607846,0.5529412,0.6156863,0.627451,0.6156863,0.6039216,0.6156863,0.5647059,0.53333336,0.5254902,0.73333335,0.74509805,0.6901961,0.60784316,0.5686275,0.54509807,0.49019608,0.49803922,0.53333336,0.54509807,0.49019608,0.4392157,0.40784314,0.4745098,0.5372549,0.5019608,0.5294118,0.60784316,0.6117647,0.5529412,0.50980395,0.47058824,0.4509804,0.49019608,0.52156866,0.49411765,0.4745098,0.4392157,0.4862745,0.5058824,0.5254902,0.49803922,0.4745098,0.45490196,0.46666667,0.5019608,0.5254902,0.5019608,0.38431373,0.29803923,0.2627451,0.2901961,0.36078432,0.34509805,0.34117648,0.3882353,0.3882353,0.3372549,0.28627452,0.2784314,0.29803923,0.34509805,0.32941177,0.32156864,0.32941177,0.32941177,0.45490196,0.40392157,0.3647059,0.32156864,0.30980393,0.2901961,0.3647059,0.5294118,0.5568628,0.54901963,0.40784314,0.30588236,0.25882354,0.22745098,0.25882354,0.27450982,0.2901961,0.28627452,0.2901961,0.23921569,0.21568628,0.21568628,0.21960784,0.2509804,0.3137255,0.3647059,0.36078432,0.3647059,0.44705883,0.40784314,0.3137255,0.2627451,0.21568628,0.2,0.2627451,0.34509805,0.39607844,0.43529412,0.3647059,0.27450982,0.23529412,0.19215687,0.2,0.2,0.25490198,0.29803923,0.29411766,0.29803923,0.29411766,0.29411766,0.3137255,0.36862746,0.4117647,0.47843137,0.5019608,0.5058824,0.58431375,0.48235294,0.34509805,0.2627451,0.20784314,0.19215687,0.21960784,0.25882354,0.26666668,0.27450982,0.24313726,0.21960784,0.21568628,0.1882353,0.1764706,0.17254902,0.20392157,0.28235295,0.33333334,0.32941177,0.33333334,0.3529412,0.39215687,0.38431373,0.38431373,0.4509804,0.4862745,0.49019608,0.42352942,0.47058824,0.42745098,0.34117648,0.22745098,0.19215687,0.21568628,0.2509804,0.24313726,0.23921569,0.1882353,0.16470589,0.18431373,0.1764706,0.18431373,0.22352941,0.23529412,0.20392157,0.20392157,0.24705882,0.32941177,0.3372549,0.3647059,0.3882353,0.35686275,0.4392157,0.50980395,0.5411765,0.25882354,0.27058825,0.3254902,0.32941177,0.25490198,0.23529412,0.26666668,0.34509805,0.3529412,0.3882353,0.4,0.36078432,0.34901962,0.4,0.42745098,0.4392157,0.41568628,0.3529412,0.32941177,0.32156864,0.32941177,0.3254902,0.32156864,0.29411766,0.3019608,0.34901962,0.3764706,0.37254903,0.34901962,0.27058825,0.30588236,0.29803923,0.16862746,0.2,0.28235295,0.4,0.43137255,0.46666667,0.43529412,0.3764706,0.32941177,0.33333334,0.38431373,0.39607844,0.3882353,0.3882353,0.3647059,0.3529412,0.32156864,0.2784314,0.24705882,0.2509804,0.23137255,0.21960784,0.20784314,0.21568628,0.2901961,0.25490198,0.32941177,0.33333334,0.1764706,0.20784314,0.29411766,0.33333334,0.36862746,0.4392157,0.44313726,0.39607844,0.39607844,0.40784314,0.45490196,0.4392157,0.38039216,0.37254903,0.3254902,0.2901961,0.24705882,0.21960784,0.21176471,0.19607843,0.17254902,0.15686275,0.14901961,0.16078432,0.15294118,0.14509805,0.1254902,0.13333334,0.14901961,0.21176471,0.31764707,0.39607844,0.41568628,0.5019608,0.4627451,0.34509805,0.34509805,0.34509805,0.3882353,0.40392157,0.36078432,0.34117648,0.27450982,0.22352941,0.20392157,0.21176471,0.2509804,0.27058825,0.20392157,0.14901961,0.12156863,0.1254902,0.22352941,0.21176471,0.18039216,0.14901961,0.15294118,0.21176471,0.29411766,0.37254903,0.39215687,0.41568628,0.33333334,0.24705882,0.24313726,0.26666668,0.31764707,0.34117648,0.3254902,0.3254902,0.2627451,0.2509804,0.25490198,0.28235295,0.27450982,0.21568628,0.16078432,0.11764706,0.101960786,0.11372549,0.21176471,0.18039216,0.14901961,0.12941177,0.16078432,0.20392157,0.20392157,0.22745098,0.24705882,0.26666668,0.24313726,0.2509804,0.27450982,0.32941177,0.39215687,0.3882353,0.3647059,0.34509805,0.30980393,0.27058825,0.23529412,0.21176471,0.17254902,0.14901961,0.1254902,0.09803922,0.09803922,0.101960786,0.13333334,0.1254902,0.11764706,0.11764706,0.12941177,0.14117648,0.14509805,0.17254902,0.19607843,0.23529412,0.28627452,0.30980393,0.32156864,0.33333334,0.36862746,0.36862746,0.34509805,0.32156864,0.2627451,0.20392157,0.16470589,0.14901961,0.12941177,0.11764706,0.105882354,0.08627451,0.08627451,0.09411765,0.11764706,0.10980392,0.105882354,0.09411765,0.09803922,0.101960786,0.10980392,0.12941177,0.13725491,0.15294118,0.16862746,0.1764706,0.1882353,0.20392157,0.24313726,0.24705882,0.24705882,0.24705882,0.20392157,0.15686275,0.12941177,0.11764706,0.105882354,0.09411765,0.09019608,0.08627451,0.08235294,0.08627451
1,0.6666667,0.63529414,0.6117647,0.6117647,0.6156863,0.6392157,0.6313726,0.6392157,0.65882355,0.6392157,0.6392157,0.61960787,0.6313726,0.61960787,0.60784316,0.58431375,0.6117647,0.6627451,0.67058825,0.62352943,0.6627451,0.6627451,0.6627451,0.69411767,0.69803923,0.6862745,0.627451,0.65882355,0.5568628,0.5176471,0.50980395,0.5254902,0.5529412,0.60784316,0.6156863,0.627451,0.654902,0.62352943,0.57254905,0.52156866,0.5529412,0.6117647,0.6156863,0.6,0.61960787,0.6313726,0.6,0.54901963,0.5647059,0.58431375,0.59607846,0.65882355,0.62352943,0.5764706,0.5294118,0.54901963,0.5686275,0.5254902,0.5137255,0.4862745,0.4862745,0.5254902,0.53333336,0.5372549,0.54901963,0.56078434,0.5764706,0.5803922,0.5568628,0.5803922,0.57254905,0.5529412,0.5372549,0.5058824,0.4862745,0.49019608,0.5254902,0.5529412,0.54901963,0.59607846,0.5372549,0.4627451,0.50980395,0.59607846,0.65882355,0.59607846,0.56078434,0.5137255,0.5294118,0.54901963,0.57254905,0.60784316,0.627451,0.67058825,0.63529414,0.5411765,0.6039216,0.6117647,0.5882353,0.5686275,0.5529412,0.53333336,0.5294118,0.5568628,0.56078434,0.6039216,0.6313726,0.6117647,0.5686275,0.5176471,0.5294118,0.6039216,0.7921569,0.76862746,0.68235296,0.654902,0.6627451,0.6784314,0.6392157,0.5686275,0.5176471,0.6039216,0.5647059,0.5058824,0.6666667,0.6901961,0.654902,0.67058825,0.6784314,0.7058824,0.7294118,0.7058824,0.64705884,0.7019608,0.7176471,0.69803923,0.6784314,0.6392157,0.6039216,0.5568628,0.7411765,0.68235296,0.5803922,0.6392157,0.6745098,0.63529414,0.5764706,0.5568628,0.5176471,0.49019608,0.4745098,0.42352942,0.50980395,0.5647059,0.5529412,0.6,0.58431375,0.5686275,0.57254905,0.5882353,0.59607846,0.6431373,0.6745098,0.7411765,0.76862746,0.7372549,0.5568628,0.36078432,0.6117647,0.5686275,0.58431375,0.6745098,0.68235296,0.62352943,0.5372549,0.60784316,0.627451,0.5921569,0.4392157,0.36862746,0.5294118,0.6156863,0.56078434,0.57254905,0.59607846,0.5529412,0.5176471,0.53333336,0.5019608,0.49411765,0.5529412,0.6627451,0.65882355,0.5803922,0.4862745,0.43137255,0.6392157,0.6509804,0.6627451,0.62352943,0.60784316,0.5921569,0.50980395,0.58431375,0.6431373,0.61960787,0.47058824,0.39607844,0.5137255,0.54509807,0.5882353,0.64705884,0.67058825,0.6666667,0.6627451,0.6627451,0.5647059,0.5411765,0.58431375,0.5568628,0.5294118,0.54509807,0.4627451,0.39607844,0.5372549,0.5176471,0.56078434,0.6,0.67058825,0.67058825,0.5921569,0.5764706,0.5529412,0.5372549,0.47843137,0.50980395,0.62352943,0.6431373,0.63529414,0.69411767,0.70980394,0.7529412,0.70980394,0.6901961,0.6627451,0.6039216,0.6156863,0.5372549,0.4627451,0.45490196,0.3764706,0.31764707,0.49803922,0.5372549,0.5764706,0.5921569,0.64705884,0.6509804,0.6,0.5372549,0.49803922,0.5019608,0.45490196,0.4862745,0.5647059,0.5764706,0.5803922,0.6313726,0.6431373,0.63529414,0.62352943,0.64705884,0.6313726,0.6666667,0.67058825,0.61960787,0.5372549,0.47843137,0.4117647,0.42352942,0.49411765,0.4745098,0.46666667,0.5254902,0.5294118,0.50980395,0.50980395,0.4509804,0.4,0.40392157,0.3882353,0.35686275,0.42745098,0.5019608,0.47058824,0.5372549,0.57254905,0.58431375,0.59607846,0.54901963,0.58431375,0.5921569,0.57254905,0.54901963,0.46666667,0.44313726,0.41960785,0.39607844,0.49411765,0.54509807,0.58431375,0.54509807,0.49803922,0.44705883,0.43529412,0.38039216,0.36078432,0.37254903,0.4,0.41568628,0.5019608,0.63529414,0.6,0.5686275,0.52156866,0.5176471,0.58431375,0.53333336,0.5254902,0.53333336,0.5921569,0.49019608,0.44313726,0.4392157,0.41568628,0.39215687,0.52156866,0.5686275,0.54509807,0.47058824,0.4745098,0.49411765,0.42745098,0.4,0.3882353,0.3882353,0.4,0.4,0.4745098,0.53333336,0.5254902,0.5411765,0.56078434,0.56078434,0.57254905,0.5686275,0.6,0.58431375,0.60784316,0.6313726,0.5568628,0.47058824,0.4627451,0.45882353,0.5058824,0.53333336,0.52156866,0.44313726,0.42352942,0.48235294,0.45490196,0.41960785,0.45490196,0.45490196,0.4627451,0.5058824,0.52156866,0.56078434,0.6,0.5686275,0.5686275,0.6,0.6156863,0.5411765,0.49019608,0.5686275,0.63529414,0.6392157,0.6156863,0.53333336,0.5058824,0.5176471,0.44705883,0.48235294,0.5764706,0.48235294,0.40392157,0.3882353,0.32156864,0.28235295,0.27058825,0.28235295,0.32941177,0.3882353,0.44313726,0.5058824,0.5294118,0.50980395,0.5294118,0.5529412,0.5764706,0.56078434,0.5294118,0.5686275,0.5529412,0.4627451,0.47058824,0.44705883,0.3372549,0.32156864,0.3529412,0.3254902,0.32941177,0.32156864,0.30588236,0.30980393,0.23137255,0.23921569,0.24313726,0.21176471,0.2509804,0.32156864,0.35686275,0.38039216,0.4392157,0.38039216,0.3882353,0.38039216,0.36862746,0.37254903,0.41568628,0.49019608,0.44705883,0.34509805,0.3372549,0.32941177,0.23137255,0.23529412,0.2784314,0.28235295,0.3019608,0.26666668,0.21960784,0.20392157,0.1764706,0.14117648,0.11372549,0.13725491,0.17254902,0.19607843,0.2,0.22745098,0.26666668,0.3019608,0.36862746,0.3647059,0.30588236,0.25490198,0.26666668,0.34117648,0.32941177,0.26666668,0.24705882,0.23137255,0.1882353,0.18039216,0.3529412,0.34117648,0.33333334,0.3529412,0.3137255,0.24705882,0.24313726,0.23921569,0.24705882,0.24313726,0.23137255,0.22352941,0.18039216,0.14901961,0.12156863,0.101960786,0.14509805,0.2,0.2784314,0.33333334,0.39215687,0.32156864,0.22352941,0.1764706,0.15686275,0.14117648,0.11764706,0.1254902,0.3019608,0.32156864,0.31764707,0.32156864,0.3254902,0.3019608,0.32156864,0.31764707,0.30980393,0.26666668,0.22352941,0.2509804,0.3019608,0.29803923,0.2627451,0.22745098,0.20392157,0.20784314,0.24705882,0.32941177,0.38039216,0.3764706,0.2627451,0.21176471,0.19607843,0.24705882,0.2,0.16078432,0.30980393,0.34117648,0.34901962,0.30980393,0.31764707,0.32941177,0.30588236,0.28627452,0.30588236,0.2627451,0.22352941,0.23921569,0.25490198,0.23921569,0.27058825,0.3254902,0.3529412,0.3647059,0.3254902,0.2627451,0.24705882,0.21960784,0.16078432,0.12941177,0.09411765,0.12941177,0.11372549,0.07058824,0.28235295,0.2784314,0.28235295,0.24705882,0.27058825,0.28627452,0.24705882,0.23529412,0.23137255,0.21960784,0.18431373,0.19215687,0.24705882,0.20784314,0.22352941,0.25490198,0.27058825,0.34901962,0.28235295,0.28235295,0.32156864,0.30980393,0.23529412,0.19215687,0.15686275,0.16470589,0.17254902,0.17254902,0.28235295,0.28627452,0.2901961,0.2627451,0.27450982,0.2627451,0.24313726,0.22352941,0.20784314,0.16862746,0.15294118,0.19607843,0.24313726,0.23137255,0.24313726,0.23529412,0.26666668,0.31764707,0.34117648,0.42352942,0.4862745,0.4627451,0.45490196,0.48235294,0.41960785,0.34901962,0.28235295,0.24705882,0.2784314,0.27058825,0.2784314,0.24705882,0.23529412,0.21568628,0.20392157,0.21176471,0.1882353,0.15686275,0.15294118,0.21960784,0.27058825,0.2784314,0.32156864,0.3254902,0.29803923,0.34901962,0.39215687,0.45882353,0.4509804,0.3882353,0.3882353,0.4509804,0.3529412,0.29411766,0.25882354,0.21568628,0.15294118,0.16862746,0.14901961,0.14901961,0.16862746,0.1764706,0.1764706,0.17254902,0.16078432,0.15686275,0.1882353,0.3137255,0.32156864,0.3529412,0.3529412,0.32156864,0.29803923,0.3254902,0.35686275,0.34901962,0.35686275,0.3647059,0.40784314,0.42352942,0.34509805,0.30980393,0.27058825,0.2627451,0.11372549,0.11372549,0.101960786,0.105882354,0.10980392,0.10980392,0.1254902,0.14509805,0.14509805,0.16470589,0.21568628,0.2509804,0.24705882,0.26666668,0.28627452,0.32156864,0.26666668,0.23529412,0.25882354,0.3137255,0.37254903,0.42352942,0.40784314,0.39215687,0.3529412,0.29411766,0.2627451,0.23137255,0.101960786,0.12941177,0.16470589,0.16078432,0.16470589,0.14901961,0.13725491,0.15294118,0.15294118,0.20392157,0.25882354,0.27450982,0.29803923,0.3254902,0.33333334,0.31764707,0.28235295,0.2627451,0.24313726,0.25490198,0.2901961,0.2784314,0.27450982,0.31764707,0.29411766,0.25882354,0.22352941,0.19607843,0.105882354,0.14509805,0.23137255,0.27058825,0.27450982,0.27450982,0.27450982,0.27058825,0.23137255,0.22352941,0.2627451,0.28235295,0.31764707,0.3764706,0.38431373,0.4117647,0.42352942,0.4117647,0.4,0.3647059,0.35686275,0.36078432,0.39607844,0.42352942,0.39607844,0.38039216,0.3137255,0.28235295,0.07450981,0.09803922,0.13725491,0.14509805,0.17254902,0.21960784,0.27450982,0.3019608,0.2901961,0.2784314,0.29803923,0.29411766,0.28235295,0.2784314,0.2627451,0.2509804,0.24313726,0.24705882,0.30980393,0.39607844,0.43529412,0.43137255,0.42352942,0.42352942,0.4117647,0.36862746,0.28235295,0.22352941
0,0.7490196,0.7647059,0.74509805,0.7294118,0.73333335,0.7372549,0.73333335,0.7411765,0.7372549,0.73333335,0.73333335,0.7372549,0.7176471,0.7490196,0.7529412,0.7529412,0.7490196,0.7529412,0.7411765,0.73333335,0.7411765,0.7490196,0.7490196,0.7411765,0.75686276,0.7764706,0.7921569,0.8,0.6156863,0.6,0.6117647,0.5882353,0.5568628,0.5882353,0.60784316,0.63529414,0.6,0.62352943,0.627451,0.627451,0.6627451,0.7254902,0.7137255,0.6901961,0.6627451,0.6431373,0.63529414,0.64705884,0.654902,0.64705884,0.7019608,0.6862745,0.68235296,0.6509804,0.6117647,0.62352943,0.5647059,0.5529412,0.58431375,0.59607846,0.6,0.57254905,0.5921569,0.6,0.54901963,0.59607846,0.5686275,0.6039216,0.6862745,0.7176471,0.7490196,0.7372549,0.72156864,0.7137255,0.69803923,0.6666667,0.64705884,0.62352943,0.627451,0.6313726,0.61960787,0.6039216,0.6,0.6156863,0.5568628,0.5882353,0.627451,0.6313726,0.6431373,0.7019608,0.7058824,0.7137255,0.69411767,0.654902,0.6313726,0.6431373,0.654902,0.6666667,0.68235296,0.6509804,0.7137255,0.7490196,0.7176471,0.6784314,0.70980394,0.7176471,0.70980394,0.7019608,0.70980394,0.72156864,0.6901961,0.6745098,0.5921569,0.6156863,0.6666667,0.6627451,0.6509804,0.6156863,0.6117647,0.6627451,0.69803923,0.7294118,0.6901961,0.59607846,0.63529414,0.6784314,0.62352943,0.47058824,0.5411765,0.6666667,0.6666667,0.6666667,0.7372549,0.7647059,0.7607843,0.7058824,0.7137255,0.73333335,0.7019608,0.60784316,0.50980395,0.5372549,0.65882355,0.7372549,0.80784315,0.7764706,0.7254902,0.6745098,0.7019608,0.6862745,0.5921569,0.48235294,0.6,0.5882353,0.49411765,0.3647059,0.41960785,0.49411765,0.5019608,0.5294118,0.6117647,0.6784314,0.7176471,0.75686276,0.75686276,0.7411765,0.7058824,0.63529414,0.44705883,0.5058824,0.59607846,0.654902,0.7294118,0.76862746,0.76862746,0.7372549,0.70980394,0.5647059,0.41960785,0.32941177,0.34901962,0.3372549,0.30980393,0.2509804,0.27058825,0.34901962,0.38431373,0.40784314,0.4862745,0.5686275,0.6627451,0.7058824,0.7294118,0.7764706,0.7647059,0.61960787,0.4117647,0.4745098,0.5529412,0.654902,0.6862745,0.7058824,0.6901961,0.67058825,0.6,0.4509804,0.32941177,0.25490198,0.2901961,0.29803923,0.2784314,0.2,0.20784314,0.27450982,0.32156864,0.36862746,0.49803922,0.61960787,0.6313726,0.627451,0.6039216,0.61960787,0.62352943,0.6,0.48235294,0.47058824,0.47058824,0.5372549,0.58431375,0.6117647,0.61960787,0.59607846,0.4627451,0.32156864,0.26666668,0.22745098,0.27058825,0.2627451,0.21176471,0.21960784,0.23529412,0.27450982,0.30588236,0.3647059,0.49411765,0.6039216,0.5764706,0.54509807,0.54509807,0.6039216,0.6862745,0.6117647,0.45490196,0.48235294,0.4862745,0.5254902,0.53333336,0.4745098,0.46666667,0.4509804,0.41568628,0.32941177,0.24705882,0.21568628,0.2784314,0.34117648,0.27450982,0.27450982,0.28235295,0.32941177,0.3019608,0.3019608,0.42352942,0.5294118,0.60784316,0.58431375,0.6156863,0.6666667,0.70980394,0.6431373,0.5176471,0.46666667,0.44313726,0.42745098,0.44313726,0.40784314,0.34901962,0.3372549,0.36078432,0.3529412,0.3254902,0.32941177,0.38039216,0.39215687,0.3254902,0.28235295,0.29803923,0.38039216,0.38039216,0.34117648,0.4117647,0.45882353,0.5372549,0.5568628,0.5882353,0.5686275,0.59607846,0.5803922,0.52156866,0.45490196,0.41960785,0.42745098,0.44705883,0.44705883,0.35686275,0.31764707,0.32156864,0.31764707,0.3254902,0.34901962,0.38431373,0.39607844,0.3764706,0.37254903,0.35686275,0.38431373,0.43137255,0.4745098,0.49019608,0.4392157,0.4117647,0.41960785,0.5294118,0.5568628,0.5803922,0.5764706,0.48235294,0.5294118,0.50980395,0.5019608,0.49411765,0.48235294,0.3764706,0.3019608,0.29411766,0.2901961,0.2784314,0.2784314,0.32941177,0.3882353,0.3882353,0.3882353,0.34509805,0.31764707,0.34509805,0.38431373,0.39215687,0.3882353,0.36862746,0.4,0.5058824,0.6156863,0.61960787,0.5764706,0.4745098,0.52156866,0.57254905,0.5686275,0.5921569,0.5294118,0.44313726,0.35686275,0.30588236,0.28627452,0.3137255,0.33333334,0.34117648,0.35686275,0.3254902,0.2901961,0.28235295,0.28627452,0.29803923,0.31764707,0.32941177,0.32941177,0.37254903,0.4509804,0.50980395,0.5294118,0.5647059,0.5686275,0.654902,0.6431373,0.6,0.63529414,0.67058825,0.5803922,0.47843137,0.43137255,0.36078432,0.32156864,0.3019608,0.3137255,0.3137255,0.29803923,0.23529412,0.20784314,0.19215687,0.23529412,0.29411766,0.28627452,0.2784314,0.28235295,0.28627452,0.32156864,0.39215687,0.43529412,0.4627451,0.4862745,0.5764706,0.5568628,0.4745098,0.4862745,0.4862745,0.4117647,0.36862746,0.3529412,0.29411766,0.25882354,0.2627451,0.25882354,0.2784314,0.29411766,0.2627451,0.22352941,0.21960784,0.28235295,0.35686275,0.31764707,0.28235295,0.2627451,0.2509804,0.25882354,0.28235295,0.33333334,0.4627451,0.5411765,0.44705883,0.5529412,0.5254902,0.47058824,0.41568628,0.35686275,0.30980393,0.23921569,0.2,0.19215687,0.21568628,0.21960784,0.24705882,0.2784314,0.25882354,0.27058825,0.2901961,0.30588236,0.32941177,0.34117648,0.3137255,0.2509804,0.21960784,0.22352941,0.28235295,0.3764706,0.5686275,0.6313726,0.38039216,0.4745098,0.5294118,0.5254902,0.43529412,0.36078432,0.30980393,0.23529412,0.18039216,0.16470589,0.17254902,0.18039216,0.21568628,0.2509804,0.25490198,0.2901961,0.31764707,0.3254902,0.38431373,0.40784314,0.37254903,0.3372549,0.32156864,0.33333334,0.44313726,0.47843137,0.50980395,0.46666667,0.40784314,0.50980395,0.50980395,0.48235294,0.48235294,0.42352942,0.3254902,0.23921569,0.18039216,0.14117648,0.1254902,0.11764706,0.11764706,0.14509805,0.16078432,0.20784314,0.2627451,0.27450982,0.30980393,0.33333334,0.3529412,0.36862746,0.39607844,0.42745098,0.4509804,0.43529412,0.4392157,0.40392157,0.30588236,0.39607844,0.43137255,0.40392157,0.37254903,0.3254902,0.27450982,0.23137255,0.1882353,0.14509805,0.13333334,0.13725491,0.14509805,0.16470589,0.18039216,0.22352941,0.2509804,0.25882354,0.2509804,0.24313726,0.25490198,0.28627452,0.3137255,0.32941177,0.31764707,0.34117648,0.37254903,0.35686275,0.28627452,0.3137255,0.2901961,0.28627452,0.25490198,0.23921569,0.21176471,0.1764706,0.16470589,0.16470589,0.16470589,0.16862746,0.21176471,0.21960784,0.23529412,0.22352941,0.21176471,0.20392157,0.1882353,0.21568628,0.21568628,0.21960784,0.27450982,0.27058825,0.2627451,0.27058825,0.29411766,0.3019608,0.24705882,0.2901961,0.27450982,0.25882354,0.23529412,0.20392157,0.16862746,0.15686275,0.13333334,0.1254902,0.13333334,0.13333334,0.14509805,0.14901961,0.14901961,0.17254902,0.16470589,0.14901961,0.16078432,0.18039216,0.2,0.23921569,0.28235295,0.2509804,0.22352941,0.22352941,0.23529412,0.24313726,0.19607843,0.20784314,0.21568628,0.20392157,0.17254902,0.14901961,0.1254902,0.10980392,0.101960786,0.101960786,0.09411765,0.09803922,0.11764706,0.12941177,0.13725491,0.16078432,0.15686275,0.13725491,0.12941177,0.12941177,0.15294118,0.18039216,0.21176471,0.20392157,0.1764706,0.18039216,0.19607843,0.20392157,0.17254902,0.18431373,0.17254902,0.16078432,0.14117648,0.13333334,0.10980392,0.09411765,0.09019608,0.078431375,0.078431375,0.07058824,0.08235294,0.101960786,0.11764706,0.1254902,0.12156863,0.105882354,0.101960786,0.12156863,0.13333334,0.15294118,0.15686275,0.14117648,0.13725491,0.13725491,0.14509805,0.16078432,0.14901961,0.15294118,0.14509805,0.13725491,0.1254902,0.12156863,0.105882354,0.08627451,0.07450981,0.05882353,0.06666667,0.05490196,0.0627451,0.05882353,0.07450981,0.07058824,0.078431375,0.08235294,0.09411765,0.101960786,0.10980392,0.12156863,0.12156863,0.11764706,0.11372549,0.11764706,0.1254902,0.14117648,0.13333334,0.13725491,0.12941177,0.13333334,0.11372549,0.105882354,0.078431375,0.07450981,0.07450981,0.0627451,0.047058824,0.05490196,0.05490196,0.050980393,0.05882353,0.0627451,0.07058824,0.07450981,0.08235294,0.09019608,0.09411765,0.09411765,0.101960786,0.10980392,0.11764706,0.11764706,0.12156863,0.13333334,0.12156863,0.12156863,0.11372549,0.11372549,0.09803922,0.09019608,0.07058824,0.0627451,0.0627451,0.05882353,0.050980393,0.039215688,0.050980393,0.047058824,0.047058824,0.05490196,0.0627451,0.06666667,0.07450981,0.08627451,0.11372549,0.105882354,0.101960786,0.101960786,0.105882354,0.105882354,0.10980392,0.11764706,0.12156863,0.12156863,0.09803922,0.09803922,0.09019608,0.078431375,0.06666667,0.05882353,0.050980393,0.047058824,0.047058824,0.039215688,0.039215688,0.039215688,0.039215688,0.043137256,0.047058824,0.05882353,0.07058824,0.07058824,0.08235294,0.09019608,0.09019608,0.09411765,0.09411765,0.09803922,0.105882354,0.10980392
0,0.73333335,0.7372549,0.75686276,0.7294118,0.70980394,0.69803923,0.69411767,0.68235296,0.67058825,0.69803923,0.7019608,0.6862745,0.69411767,0.6901961,0.67058825,0.67058825,0.7019608,0.7254902,0.7254902,0.7294118,0.7137255,0.7019608,0.7058824,0.7019608,0.70980394,0.7137255,0.7411765,0.7647059,0.6,0.627451,0.6784314,0.7058824,0.74509805,0.70980394,0.6784314,0.72156864,0.6862745,0.63529414,0.6431373,0.67058825,0.7058824,0.68235296,0.654902,0.6156863,0.62352943,0.64705884,0.6509804,0.6039216,0.59607846,0.58431375,0.6117647,0.6,0.6117647,0.62352943,0.6,0.62352943,0.5921569,0.5803922,0.5647059,0.56078434,0.5764706,0.5568628,0.54509807,0.5647059,0.56078434,0.54509807,0.61960787,0.6509804,0.6117647,0.5803922,0.5254902,0.49019608,0.49411765,0.50980395,0.5019608,0.5176471,0.49019608,0.45882353,0.4509804,0.45882353,0.4745098,0.49411765,0.5137255,0.5254902,0.62352943,0.6,0.5882353,0.6039216,0.5921569,0.53333336,0.5176471,0.5176471,0.5254902,0.5411765,0.5372549,0.58431375,0.6431373,0.6313726,0.627451,0.627451,0.62352943,0.6,0.5686275,0.5647059,0.58431375,0.6039216,0.6,0.5372549,0.49803922,0.5372549,0.54509807,0.5686275,0.6431373,0.64705884,0.6156863,0.627451,0.627451,0.57254905,0.57254905,0.61960787,0.6117647,0.56078434,0.5294118,0.5568628,0.5647059,0.4509804,0.49803922,0.62352943,0.73333335,0.7019608,0.65882355,0.65882355,0.6784314,0.6862745,0.64705884,0.58431375,0.5176471,0.54901963,0.59607846,0.58431375,0.6784314,0.6901961,0.6666667,0.654902,0.6313726,0.69411767,0.7254902,0.7137255,0.70980394,0.5803922,0.4627451,0.53333336,0.5254902,0.52156866,0.5529412,0.6117647,0.6509804,0.6431373,0.69411767,0.7411765,0.7372549,0.6039216,0.5803922,0.59607846,0.59607846,0.6156863,0.627451,0.6313726,0.7019608,0.6901961,0.64705884,0.6627451,0.6745098,0.73333335,0.76862746,0.7490196,0.7176471,0.5882353,0.34901962,0.4627451,0.45882353,0.5803922,0.5647059,0.54509807,0.5372549,0.5411765,0.6431373,0.77254903,0.78431374,0.6509804,0.5764706,0.6431373,0.6745098,0.6627451,0.68235296,0.68235296,0.70980394,0.69803923,0.7019608,0.7372549,0.77254903,0.6627451,0.654902,0.74509805,0.6901961,0.5529412,0.28627452,0.21568628,0.32941177,0.41960785,0.4,0.41568628,0.41960785,0.47058824,0.5294118,0.62352943,0.7294118,0.6784314,0.5803922,0.5803922,0.6117647,0.57254905,0.5882353,0.58431375,0.8745098,0.8627451,0.8392157,0.8117647,0.7176471,0.58431375,0.5803922,0.6313726,0.5921569,0.47843137,0.33333334,0.27058825,0.32156864,0.41568628,0.38039216,0.3529412,0.3529412,0.3882353,0.45490196,0.5058824,0.6156863,0.5764706,0.4862745,0.49803922,0.5764706,0.6,0.68235296,0.7647059,0.7372549,0.79607844,0.80784315,0.73333335,0.5372549,0.47058824,0.47843137,0.49019608,0.4509804,0.36078432,0.28627452,0.26666668,0.23921569,0.30588236,0.4,0.41568628,0.40392157,0.39607844,0.39607844,0.4509804,0.5254902,0.5254902,0.47843137,0.43529412,0.52156866,0.6627451,0.74509805,0.70980394,0.50980395,0.5803922,0.69411767,0.6313726,0.43529412,0.38431373,0.3764706,0.3647059,0.31764707,0.27058825,0.22745098,0.21176471,0.19607843,0.22352941,0.29411766,0.35686275,0.3764706,0.36862746,0.36078432,0.4,0.49019608,0.5254902,0.5019608,0.47843137,0.5254902,0.6392157,0.6509804,0.6117647,0.6313726,0.4627451,0.5137255,0.52156866,0.39607844,0.32156864,0.29411766,0.27450982,0.24313726,0.22352941,0.17254902,0.15294118,0.15294118,0.18039216,0.22745098,0.2901961,0.34901962,0.3529412,0.3372549,0.3647059,0.49803922,0.5686275,0.53333336,0.43137255,0.4509804,0.5254902,0.5882353,0.6156863,0.6627451,0.5647059,0.4509804,0.40392157,0.2901961,0.19215687,0.19607843,0.22745098,0.20392157,0.16470589,0.101960786,0.08235294,0.105882354,0.16078432,0.20784314,0.25882354,0.3372549,0.38431373,0.35686275,0.3254902,0.43529412,0.5411765,0.5568628,0.49019608,0.42745098,0.41960785,0.5019608,0.5647059,0.5372549,0.44705883,0.35686275,0.3019608,0.21568628,0.16862746,0.14901961,0.16078432,0.12941177,0.07058824,0.047058824,0.078431375,0.09019608,0.14509805,0.19607843,0.21960784,0.25882354,0.31764707,0.33333334,0.36078432,0.45490196,0.5294118,0.5529412,0.45882353,0.3529412,0.31764707,0.42352942,0.5529412,0.5137255,0.46666667,0.36078432,0.26666668,0.14117648,0.11764706,0.101960786,0.09803922,0.09411765,0.05882353,0.02745098,0.06666667,0.0627451,0.08627451,0.11764706,0.15686275,0.19607843,0.2509804,0.29411766,0.32156864,0.43137255,0.5176471,0.50980395,0.41960785,0.3137255,0.30980393,0.4,0.5372549,0.49411765,0.35686275,0.2784314,0.22745098,0.14509805,0.11764706,0.09411765,0.0627451,0.047058824,0.02745098,0.011764706,0.02745098,0.03137255,0.050980393,0.09803922,0.13725491,0.20784314,0.27450982,0.32156864,0.32941177,0.36862746,0.4392157,0.39607844,0.32156864,0.2784314,0.26666668,0.2901961,0.3647059,0.42352942,0.3254902,0.24313726,0.21568628,0.13333334,0.10980392,0.08627451,0.05882353,0.039215688,0.023529412,0.015686275,0.019607844,0.047058824,0.07450981,0.11764706,0.13725491,0.21960784,0.26666668,0.2901961,0.28235295,0.29803923,0.34901962,0.32941177,0.3019608,0.26666668,0.25490198,0.28627452,0.37254903,0.30980393,0.21176471,0.16470589,0.14117648,0.07058824,0.043137256,0.05882353,0.050980393,0.03529412,0.015686275,0.019607844,0.015686275,0.047058824,0.0627451,0.08627451,0.101960786,0.15294118,0.21960784,0.25490198,0.2627451,0.2901961,0.30980393,0.32156864,0.3137255,0.2627451,0.25490198,0.29411766,0.3254902,0.2901961,0.21176471,0.13725491,0.101960786,0.07058824,0.050980393,0.050980393,0.039215688,0.019607844,0.007843138,0.011764706,0.015686275,0.03137255,0.043137256,0.050980393,0.07450981,0.1254902,0.1882353,0.21960784,0.21568628,0.23137255,0.2509804,0.23921569,0.23921569,0.21960784,0.21176471,0.25490198,0.3019608,0.2509804,0.22745098,0.14509805,0.101960786,0.05882353,0.043137256,0.03137255,0.015686275,0.011764706,0.003921569,0.007843138,0.007843138,0.019607844,0.043137256,0.050980393,0.07450981,0.14117648,0.18039216,0.20784314,0.20392157,0.19607843,0.19607843,0.21176471,0.22352941,0.1882353,0.18039216,0.21960784,0.2627451,0.14117648,0.14901961,0.11764706,0.09803922,0.050980393,0.02745098,0.019607844,0.019607844,0.007843138,0.007843138,0.007843138,0.007843138,0.011764706,0.019607844,0.03137255,0.05882353,0.10980392,0.14509805,0.1764706,0.19607843,0.18039216,0.1764706,0.1882353,0.21960784,0.18039216,0.15294118,0.14901961,0.15294118,0.101960786,0.08627451,0.08235294,0.07058824,0.050980393,0.03529412,0.03137255,0.019607844,0.011764706,0.007843138,0.003921569,0.007843138,0.011764706,0.019607844,0.043137256,0.0627451,0.09803922,0.1254902,0.14901961,0.15686275,0.14117648,0.13725491,0.1764706,0.19607843,0.14901961,0.10980392,0.09019608,0.09411765,0.078431375,0.06666667,0.05882353,0.039215688,0.03137255,0.02745098,0.023529412,0.015686275,0.011764706,0.007843138,0.003921569,0.007843138,0.011764706,0.023529412,0.043137256,0.07058824,0.11764706,0.13333334,0.13725491,0.13725491,0.13333334,0.13333334,0.14117648,0.13333334,0.11764706,0.08627451,0.0627451,0.07450981,0.07058824,0.0627451,0.050980393,0.047058824,0.03137255,0.023529412,0.019607844,0.011764706,0.007843138,0.007843138,0.007843138,0.007843138,0.011764706,0.019607844,0.03137255,0.047058824,0.078431375,0.09019608,0.09803922,0.11764706,0.11764706,0.1254902,0.10980392,0.11764706,0.10980392,0.07058824,0.05490196,0.0627451,0.06666667,0.05490196,0.043137256,0.050980393,0.043137256,0.043137256,0.039215688,0.02745098,0.011764706,0.007843138,0.007843138,0.011764706,0.011764706,0.011764706,0.015686275,0.02745098,0.05882353,0.078431375,0.08627451,0.09803922,0.09803922,0.09803922,0.105882354,0.11372549,0.09803922,0.078431375,0.06666667,0.07058824,0.09019608,0.0627451,0.050980393,0.0627451,0.047058824,0.043137256,0.039215688,0.039215688,0.023529412,0.011764706,0.011764706,0.011764706,0.015686275,0.015686275,0.015686275,0.02745098,0.03137255,0.039215688,0.047058824,0.05882353,0.07450981,0.07058824,0.07058824,0.078431375,0.08627451,0.09019608,0.09019608,0.09803922,0.08627451,0.07450981,0.050980393,0.050980393,0.03137255,0.039215688,0.039215688,0.03529412,0.02745098,0.011764706,0.015686275,0.015686275,0.011764706,0.019607844,0.019607844,0.023529412,0.02745098,0.03137255,0.03529412,0.039215688,0.050980393,0.050980393,0.05882353,0.0627451,0.06666667,0.07058824,0.07058824,0.07450981,0.06666667,0.05882353,0.043137256,0.039215688,0.03529412,0.03529412,0.03137255,0.02745098,0.019607844,0.011764706,0.011764706,0.011764706,0.011764706,0.015686275,0.019607844,0.023529412,0.02745098,0.03529412,0.03529412,0.043137256,0.05490196,0.05490196,0.05490196,0.05882353,0.0627451,0.0627451,0.06666667,0.07058824
1,0.32941177,0.3647059,0.4117647,0.41960785,0.39215687,0.39607844,0.41960785,0.45490196,0.4745098,0.49411765,0.44705883,0.42352942,0.4,0.40784314,0.4,0.39215687,0.3764706,0.40392157,0.3882353,0.39607844,0.43529412,0.40784314,0.37254903,0.39215687,0.41960785,0.42352942,0.4392157,0.44705883,0.3137255,0.3019608,0.32941177,0.3882353,0.38431373,0.44313726,0.4862745,0.4862745,0.48235294,0.5058824,0.4862745,0.47058824,0.45490196,0.37254903,0.30980393,0.3019608,0.32156864,0.3647059,0.3137255,0.3137255,0.34901962,0.32941177,0.36078432,0.4509804,0.4392157,0.3882353,0.39215687,0.4117647,0.26666668,0.24705882,0.24313726,0.3019608,0.34509805,0.3254902,0.3529412,0.3372549,0.34509805,0.3647059,0.36862746,0.36862746,0.34117648,0.32941177,0.34117648,0.3372549,0.3137255,0.33333334,0.3372549,0.30980393,0.32156864,0.27450982,0.29411766,0.25882354,0.3019608,0.30980393,0.30980393,0.34117648,0.3137255,0.3137255,0.29411766,0.32156864,0.29803923,0.28235295,0.3019608,0.3254902,0.31764707,0.3137255,0.30980393,0.29803923,0.27058825,0.28235295,0.27450982,0.29411766,0.3372549,0.32156864,0.28627452,0.29803923,0.3647059,0.3882353,0.3137255,0.30588236,0.29803923,0.28627452,0.27058825,0.28235295,0.40784314,0.42352942,0.3647059,0.3529412,0.30588236,0.29803923,0.34509805,0.35686275,0.34901962,0.34117648,0.3372549,0.3254902,0.27450982,0.29803923,0.30588236,0.34117648,0.36078432,0.36862746,0.38431373,0.38039216,0.4117647,0.32941177,0.2901961,0.39215687,0.42745098,0.4,0.36862746,0.3647059,0.41960785,0.45490196,0.44705883,0.43529412,0.38039216,0.35686275,0.39215687,0.39607844,0.41568628,0.40392157,0.38431373,0.38039216,0.33333334,0.34117648,0.38039216,0.4117647,0.44705883,0.40392157,0.40392157,0.3137255,0.27058825,0.29411766,0.32156864,0.3647059,0.38039216,0.4117647,0.47058824,0.5019608,0.40784314,0.38039216,0.35686275,0.29803923,0.33333334,0.4509804,0.50980395,0.49803922,0.47843137,0.46666667,0.45882353,0.4392157,0.4117647,0.43137255,0.4392157,0.3882353,0.3647059,0.41568628,0.47058824,0.34509805,0.19215687,0.19215687,0.24313726,0.2901961,0.2627451,0.27058825,0.3019608,0.25490198,0.31764707,0.23921569,0.2509804,0.18039216,0.2901961,0.44705883,0.52156866,0.5058824,0.5176471,0.5137255,0.42745098,0.39607844,0.3882353,0.40392157,0.40392157,0.34901962,0.41960785,0.39215687,0.4,0.3254902,0.16470589,0.12941177,0.18431373,0.29411766,0.3529412,0.27450982,0.23137255,0.18039216,0.4627451,0.43137255,0.3254902,0.20784314,0.26666668,0.36078432,0.34901962,0.25490198,0.25882354,0.3372549,0.2901961,0.18431373,0.22745098,0.27450982,0.3137255,0.27058825,0.20392157,0.16470589,0.19607843,0.16078432,0.11372549,0.14117648,0.14901961,0.22352941,0.2901961,0.26666668,0.18431373,0.19215687,0.18039216,0.30588236,0.34117648,0.21176471,0.1764706,0.19215687,0.15686275,0.14901961,0.1764706,0.19607843,0.24705882,0.13725491,0.15294118,0.21960784,0.15294118,0.21568628,0.21960784,0.11764706,0.09411765,0.07058824,0.14509805,0.19215687,0.21960784,0.25882354,0.28235295,0.28235295,0.24705882,0.3019608,0.20392157,0.2784314,0.28627452,0.17254902,0.105882354,0.21176471,0.22352941,0.17254902,0.25882354,0.27450982,0.27450982,0.15294118,0.09411765,0.14509805,0.047058824,0.105882354,0.22352941,0.11372549,0.039215688,0.08235294,0.14117648,0.20392157,0.23529412,0.22352941,0.18431373,0.20392157,0.29803923,0.3372549,0.3019608,0.27450982,0.15686275,0.07450981,0.1254902,0.23529412,0.24313726,0.23529412,0.35686275,0.33333334,0.21568628,0.13333334,0.050980393,0.14509805,0.050980393,0.023529412,0.13725491,0.2,0.14509805,0.15686275,0.21568628,0.22745098,0.21960784,0.18039216,0.14117648,0.14509805,0.24313726,0.25882354,0.29411766,0.23529412,0.12156863,0.05490196,0.13333334,0.18039216,0.1764706,0.19215687,0.24313726,0.24705882,0.15686275,0.11764706,0.015686275,0.047058824,0.08627451,0.10980392,0.16470589,0.21960784,0.20784314,0.15294118,0.2,0.17254902,0.14509805,0.12941177,0.12156863,0.15686275,0.22745098,0.2627451,0.2509804,0.22745098,0.17254902,0.12941177,0.11764706,0.1254902,0.2,0.24313726,0.20784314,0.1764706,0.11372549,0.101960786,0.05490196,0.03529412,0.11764706,0.14901961,0.14117648,0.19215687,0.18431373,0.16470589,0.15294118,0.08235294,0.10980392,0.09803922,0.07450981,0.14117648,0.23921569,0.27058825,0.14117648,0.17254902,0.18039216,0.16078432,0.14901961,0.18039216,0.21568628,0.23921569,0.12156863,0.08235294,0.06666667,0.08235294,0.08235294,0.06666667,0.105882354,0.12941177,0.11372549,0.19215687,0.14509805,0.08627451,0.0627451,0.09019608,0.13333334,0.08627451,0.078431375,0.14901961,0.24705882,0.2784314,0.05490196,0.05882353,0.09803922,0.12156863,0.1254902,0.15686275,0.21568628,0.20392157,0.08627451,0.03529412,0.07450981,0.09411765,0.078431375,0.06666667,0.078431375,0.11764706,0.13725491,0.101960786,0.043137256,0.015686275,0.03529412,0.09411765,0.12156863,0.101960786,0.105882354,0.14901961,0.25882354,0.2901961,0.1254902,0.101960786,0.09411765,0.09803922,0.08235294,0.08627451,0.09803922,0.08627451,0.06666667,0.03529412,0.023529412,0.039215688,0.043137256,0.03137255,0.05490196,0.1254902,0.14117648,0.07058824,0.03529412,0.007843138,0.011764706,0.05882353,0.1254902,0.13725491,0.1254902,0.11764706,0.1882353,0.25882354,0.16470589,0.1254902,0.09019608,0.07450981,0.09019608,0.11764706,0.08627451,0.06666667,0.07058824,0.05490196,0.023529412,0.03137255,0.05490196,0.039215688,0.07058824,0.11372549,0.1254902,0.12941177,0.101960786,0.0627451,0.08235294,0.10980392,0.13725491,0.14117648,0.12156863,0.12156863,0.13725491,0.1254902,0.11372549,0.101960786,0.08235294,0.07450981,0.09411765,0.13725491,0.1254902,0.09411765,0.08627451,0.06666667,0.050980393,0.050980393,0.05882353,0.078431375,0.10980392,0.10980392,0.11372549,0.12156863,0.13333334,0.105882354,0.09411765,0.09803922,0.10980392,0.14117648,0.15686275,0.18039216,0.20784314,0.19607843,0.09019608,0.09019608,0.09019608,0.09019608,0.101960786,0.11372549,0.10980392,0.10980392,0.09411765,0.07450981,0.0627451,0.0627451,0.07058824,0.09019608,0.10980392,0.09803922,0.09411765,0.105882354,0.11372549,0.08627451,0.07058824,0.07058824,0.08235294,0.09803922,0.12156863,0.1882353,0.24313726,0.21960784,0.13333334,0.12156863,0.105882354,0.10980392,0.12156863,0.12156863,0.101960786,0.101960786,0.08627451,0.08235294,0.07450981,0.078431375,0.078431375,0.08235294,0.12156863,0.105882354,0.101960786,0.1254902,0.15686275,0.12941177,0.101960786,0.09411765,0.08235294,0.08627451,0.105882354,0.14117648,0.2,0.27450982,0.12156863,0.11764706,0.11764706,0.1254902,0.13725491,0.11764706,0.10980392,0.101960786,0.09803922,0.09411765,0.09019608,0.08627451,0.078431375,0.07450981,0.101960786,0.12156863,0.13725491,0.20392157,0.20392157,0.1764706,0.14901961,0.11372549,0.105882354,0.1254902,0.12941177,0.13725491,0.18431373,0.23921569,0.12156863,0.11764706,0.1254902,0.14117648,0.15294118,0.14901961,0.14117648,0.12941177,0.11372549,0.105882354,0.09803922,0.09019608,0.09019608,0.09411765,0.12156863,0.1254902,0.13333334,0.18431373,0.18039216,0.14901961,0.12941177,0.10980392,0.12941177,0.14117648,0.15294118,0.1764706,0.2,0.25882354,0.15294118,0.14509805,0.14901961,0.16078432,0.16862746,0.16078432,0.14901961,0.14117648,0.13725491,0.12156863,0.11372549,0.105882354,0.10980392,0.10980392,0.1254902,0.12156863,0.12941177,0.14509805,0.15686275,0.12941177,0.1254902,0.11764706,0.12156863,0.13725491,0.16078432,0.2,0.25882354,0.3137255,0.16470589,0.15294118,0.15294118,0.15294118,0.15686275,0.14901961,0.13725491,0.13333334,0.13725491,0.12941177,0.1254902,0.11764706,0.11372549,0.12941177,0.14901961,0.13725491,0.13333334,0.13725491,0.14509805,0.12941177,0.1254902,0.12941177,0.15294118,0.21960784,0.2784314,0.27058825,0.21176471,0.18431373,0.15294118,0.14901961,0.14509805,0.13725491,0.14509805,0.14509805,0.14117648,0.13333334,0.12941177,0.1254902,0.12941177,0.1254902,0.11372549,0.12156863,0.13333334,0.13333334,0.1254902,0.1254902,0.13333334,0.13725491,0.15294118,0.2,0.28235295,0.31764707,0.24313726,0.1882353,0.18039216,0.19215687,0.12941177,0.12941177,0.1254902,0.13333334,0.15294118,0.14901961,0.14509805,0.14117648,0.13333334,0.1254902,0.11764706,0.11764706,0.10980392,0.11764706,0.11764706,0.11764706,0.12156863,0.1254902,0.13725491,0.14117648,0.16078432,0.19215687,0.21568628,0.2,0.16862746,0.17254902,0.20392157,0.28627452,0.12156863,0.11764706,0.12156863,0.12156863,0.1254902,0.12941177,0.12156863,0.1254902,0.12156863,0.1254902,0.11764706,0.12156863,0.10980392,0.11764706,0.12156863,0.1254902,0.13725491,0.15294118,0.15686275,0.14117648,0.14509805,0.12941177,0.14117648,0.15294118,0.18431373,0.23137255,0.25490198,0.28627452
1,0.5529412,0.54901963,0.54509807,0.5568628,0.56078434,0.5882353,0.6,0.5921569,0.5647059,0.5529412,0.5529412,0.5529412,0.56078434,0.57254905,0.5568628,0.5803922,0.5803922,0.57254905,0.54901963,0.54509807,0.5137255,0.48235294,0.4862745,0.5058824,0.5372549,0.54901963,0.56078434,0.54509807,0.41568628,0.38431373,0.36862746,0.40392157,0.4,0.43137255,0.4627451,0.41960785,0.3764706,0.3882353,0.3764706,0.38039216,0.4,0.37254903,0.39215687,0.39607844,0.36862746,0.36078432,0.40784314,0.40784314,0.34117648,0.35686275,0.34901962,0.34117648,0.34509805,0.32941177,0.32941177,0.34509805,0.49803922,0.47058824,0.3882353,0.32156864,0.2784314,0.2627451,0.29411766,0.38039216,0.36078432,0.39607844,0.42745098,0.3529412,0.31764707,0.3764706,0.3764706,0.2901961,0.2784314,0.29411766,0.27450982,0.2784314,0.3254902,0.36078432,0.34901962,0.31764707,0.2784314,0.2901961,0.28627452,0.34509805,0.4117647,0.4117647,0.42352942,0.41568628,0.34901962,0.2901961,0.25882354,0.28235295,0.27450982,0.2901961,0.30980393,0.32941177,0.34901962,0.32156864,0.28627452,0.3019608,0.28235295,0.28627452,0.28235295,0.26666668,0.3137255,0.34901962,0.3529412,0.30588236,0.34117648,0.30588236,0.2784314,0.3019608,0.4862745,0.40392157,0.34509805,0.30588236,0.31764707,0.3882353,0.3764706,0.38039216,0.3372549,0.3019608,0.2784314,0.23921569,0.30588236,0.27450982,0.29803923,0.38039216,0.38039216,0.40392157,0.29411766,0.24705882,0.2509804,0.28627452,0.3019608,0.43529412,0.41960785,0.33333334,0.35686275,0.40784314,0.4392157,0.39607844,0.34509805,0.2509804,0.24705882,0.27058825,0.27058825,0.25882354,0.25490198,0.26666668,0.30588236,0.24313726,0.24705882,0.29411766,0.3372549,0.25490198,0.2627451,0.37254903,0.36862746,0.36862746,0.3647059,0.39607844,0.49019608,0.54901963,0.47843137,0.44705883,0.4,0.38431373,0.3372549,0.35686275,0.39607844,0.30588236,0.24313726,0.22745098,0.23137255,0.22352941,0.23921569,0.2509804,0.2784314,0.32156864,0.30980393,0.3254902,0.3019608,0.28627452,0.22745098,0.27058825,0.3882353,0.5058824,0.54509807,0.5137255,0.4862745,0.40392157,0.42745098,0.42352942,0.32941177,0.3254902,0.33333334,0.32941177,0.29803923,0.32941177,0.34117648,0.29411766,0.24705882,0.30588236,0.3529412,0.3647059,0.36078432,0.41960785,0.5176471,0.49803922,0.45490196,0.3647059,0.32941177,0.27450982,0.29411766,0.3137255,0.36862746,0.40392157,0.43529412,0.45882353,0.43137255,0.34901962,0.3019608,0.38039216,0.3647059,0.30588236,0.24313726,0.27058825,0.25882354,0.22745098,0.24313726,0.29803923,0.33333334,0.3764706,0.40784314,0.43529412,0.47058824,0.5019608,0.5176471,0.4627451,0.43529412,0.33333334,0.2784314,0.33333334,0.3647059,0.43529412,0.4627451,0.41568628,0.37254903,0.3647059,0.3019608,0.3647059,0.27450982,0.27058825,0.2509804,0.25882354,0.29803923,0.25882354,0.28627452,0.38039216,0.42352942,0.38431373,0.23921569,0.22352941,0.24705882,0.34901962,0.3254902,0.29411766,0.25490198,0.20784314,0.2627451,0.36078432,0.41960785,0.48235294,0.5058824,0.4392157,0.4,0.36078432,0.32941177,0.34509805,0.24313726,0.32941177,0.38039216,0.35686275,0.31764707,0.32941177,0.29803923,0.25490198,0.25490198,0.33333334,0.3019608,0.32941177,0.34509805,0.34117648,0.29803923,0.27450982,0.22352941,0.22352941,0.3372549,0.40784314,0.32156864,0.3529412,0.42745098,0.41960785,0.38039216,0.29411766,0.25490198,0.2627451,0.21176471,0.22352941,0.3019608,0.34509805,0.29411766,0.3019608,0.28627452,0.2784314,0.3019608,0.34901962,0.30588236,0.3137255,0.29803923,0.27450982,0.24705882,0.22745098,0.21568628,0.18039216,0.28235295,0.38039216,0.36078432,0.3137255,0.3882353,0.45490196,0.45882353,0.41960785,0.39215687,0.35686275,0.25882354,0.2,0.22352941,0.2784314,0.30588236,0.28235295,0.29411766,0.33333334,0.2901961,0.2509804,0.2509804,0.2509804,0.25882354,0.24705882,0.22352941,0.20392157,0.22745098,0.21176471,0.18431373,0.25882354,0.3019608,0.28235295,0.34117648,0.4,0.3882353,0.39607844,0.40392157,0.34509805,0.27450982,0.19607843,0.1882353,0.23529412,0.19215687,0.16862746,0.18039216,0.19607843,0.23137255,0.23529412,0.25490198,0.22745098,0.23921569,0.26666668,0.24705882,0.24705882,0.26666668,0.2627451,0.22745098,0.23921569,0.19607843,0.23529412,0.3137255,0.36862746,0.31764707,0.29803923,0.22745098,0.1882353,0.28235295,0.2509804,0.1882353,0.15686275,0.13333334,0.14117648,0.20784314,0.2627451,0.33333334,0.3529412,0.36862746,0.33333334,0.29411766,0.2627451,0.23137255,0.24705882,0.2627451,0.21568628,0.14509805,0.16470589,0.23529412,0.20392157,0.20392157,0.21176471,0.20784314,0.2,0.20784314,0.29803923,0.19215687,0.2,0.19607843,0.18431373,0.19215687,0.19215687,0.19607843,0.24705882,0.25490198,0.26666668,0.32941177,0.37254903,0.3647059,0.27450982,0.23137255,0.23529412,0.18039216,0.14901961,0.12941177,0.15294118,0.16470589,0.15686275,0.1882353,0.22352941,0.24705882,0.29411766,0.34901962,0.3529412,0.16470589,0.13333334,0.12156863,0.14117648,0.14509805,0.13333334,0.13725491,0.15686275,0.14117648,0.17254902,0.15686275,0.16862746,0.24313726,0.22745098,0.2627451,0.20784314,0.13333334,0.12941177,0.09019608,0.050980393,0.06666667,0.078431375,0.14117648,0.22745098,0.3137255,0.33333334,0.3137255,0.24313726,0.24705882,0.16862746,0.12941177,0.12941177,0.1254902,0.1254902,0.12156863,0.105882354,0.09019608,0.09019608,0.09411765,0.12941177,0.13725491,0.11372549,0.10980392,0.09019608,0.07450981,0.078431375,0.039215688,0.02745098,0.08235294,0.14117648,0.20784314,0.23529412,0.30588236,0.27450982,0.2,0.15686275,0.18039216,0.2,0.16862746,0.12941177,0.1254902,0.12941177,0.13725491,0.13333334,0.11764706,0.12156863,0.12941177,0.105882354,0.12156863,0.10980392,0.09019608,0.06666667,0.05882353,0.050980393,0.039215688,0.08235294,0.1254902,0.16862746,0.17254902,0.18039216,0.20784314,0.17254902,0.1254902,0.101960786,0.21960784,0.13725491,0.08235294,0.09411765,0.11372549,0.10980392,0.105882354,0.12941177,0.18431373,0.20784314,0.18431373,0.12941177,0.101960786,0.07450981,0.039215688,0.03137255,0.03529412,0.023529412,0.02745098,0.050980393,0.0627451,0.07450981,0.08627451,0.13333334,0.14117648,0.10980392,0.0627451,0.050980393,0.2,0.09411765,0.03529412,0.043137256,0.078431375,0.08627451,0.0627451,0.07058824,0.08235294,0.101960786,0.1254902,0.09019608,0.05490196,0.03529412,0.023529412,0.019607844,0.023529412,0.015686275,0.011764706,0.019607844,0.03529412,0.03137255,0.03137255,0.05490196,0.05882353,0.043137256,0.03137255,0.03529412,0.101960786,0.07450981,0.039215688,0.047058824,0.05490196,0.03137255,0.019607844,0.03137255,0.039215688,0.05882353,0.101960786,0.08627451,0.09019608,0.050980393,0.011764706,0.007843138,0.003921569,0.007843138,0.003921569,0.007843138,0.011764706,0.011764706,0.019607844,0.019607844,0.019607844,0.019607844,0.019607844,0.043137256,0.050980393,0.023529412,0.015686275,0.02745098,0.03137255,0.015686275,0.015686275,0.03137255,0.05490196,0.05882353,0.07450981,0.078431375,0.07450981,0.047058824,0.015686275,0.003921569,0.003921569,0.003921569,0.003921569,0.003921569,0.007843138,0.003921569,0.007843138,0.007843138,0.015686275,0.03137255,0.039215688,0.0627451,0.11764706,0.09019608,0.09803922,0.078431375,0.06666667,0.06666667,0.039215688,0.043137256,0.02745098,0.03137255,0.06666667,0.078431375,0.07058824,0.039215688,0.019607844,0.011764706,0.007843138,0.007843138,0.003921569,0.007843138,0.007843138,0.003921569,0.003921569,0.011764706,0.023529412,0.039215688,0.043137256,0.03529412,0.21176471,0.2784314,0.3254902,0.28235295,0.24313726,0.24313726,0.08235294,0.10980392,0.09019608,0.047058824,0.050980393,0.08627451,0.078431375,0.06666667,0.043137256,0.019607844,0.011764706,0.011764706,0.007843138,0.007843138,0.007843138,0.007843138,0.007843138,0.015686275,0.03137255,0.03529412,0.02745098,0.019607844,0.039215688,0.047058824,0.0627451,0.07058824,0.06666667,0.09019608,0.12156863,0.15686275,0.16078432,0.13725491,0.1254902,0.11764706,0.09803922,0.078431375,0.047058824,0.023529412,0.011764706,0.007843138,0.007843138,0.015686275,0.015686275,0.011764706,0.011764706,0.007843138,0.011764706,0.011764706,0.011764706,0.007843138,0.011764706,0.007843138,0.015686275,0.019607844,0.023529412,0.039215688,0.06666667,0.10980392,0.16078432,0.16862746,0.19215687,0.16862746,0.11372549,0.08627451,0.047058824,0.023529412,0.011764706,0.007843138,0.007843138,0.011764706,0.015686275,0.015686275,0.007843138,0.007843138,0.011764706,0.007843138,0.007843138,0.007843138,0.007843138,0.003921569,0.003921569,0.007843138,0.003921569,0.007843138,0.015686275,0.03529412,0.07450981,0.12156863,0.14901961,0.14509805,0.105882354,0.06666667,0.03529412,0.011764706,0.003921569,0.003921569,0.003921569,0.007843138,0.007843138,0.007843138,0.007843138,0.003921569,0.007843138,0.007843138,0.007843138,0.007843138
1,0.6431373,0.627451,0.627451,0.6431373,0.6627451,0.65882355,0.6627451,0.6431373,0.64705884,0.65882355,0.6666667,0.6627451,0.65882355,0.64705884,0.654902,0.6392157,0.6784314,0.6901961,0.68235296,0.67058825,0.6313726,0.6156863,0.6156863,0.627451,0.627451,0.6313726,0.62352943,0.6392157,0.4509804,0.4862745,0.49803922,0.54509807,0.5803922,0.5568628,0.54509807,0.5294118,0.5686275,0.5529412,0.46666667,0.49803922,0.5529412,0.57254905,0.5882353,0.63529414,0.70980394,0.7411765,0.65882355,0.6156863,0.57254905,0.5568628,0.5647059,0.5529412,0.54509807,0.6,0.5882353,0.6117647,0.3529412,0.3764706,0.4627451,0.44705883,0.47843137,0.43137255,0.42745098,0.50980395,0.5568628,0.5647059,0.5176471,0.48235294,0.4745098,0.48235294,0.4745098,0.43137255,0.44705883,0.47058824,0.41568628,0.38039216,0.36862746,0.36862746,0.34901962,0.3529412,0.39607844,0.44313726,0.4745098,0.50980395,0.47058824,0.56078434,0.5803922,0.5176471,0.4392157,0.40392157,0.4,0.42745098,0.43529412,0.42745098,0.40392157,0.39215687,0.38039216,0.39215687,0.39215687,0.4509804,0.4745098,0.49411765,0.47843137,0.4862745,0.4627451,0.4627451,0.42745098,0.39607844,0.40392157,0.40392157,0.38039216,0.38039216,0.34117648,0.34901962,0.3647059,0.38039216,0.39607844,0.4117647,0.41568628,0.4117647,0.42352942,0.41960785,0.4,0.36078432,0.34117648,0.3764706,0.3882353,0.41960785,0.4,0.41568628,0.40392157,0.39215687,0.35686275,0.3254902,0.33333334,0.36078432,0.3647059,0.3647059,0.3647059,0.3764706,0.38431373,0.34509805,0.32156864,0.39215687,0.44313726,0.45882353,0.4509804,0.45490196,0.48235294,0.47843137,0.4627451,0.39607844,0.4117647,0.42352942,0.42745098,0.43529412,0.42352942,0.46666667,0.49411765,0.4627451,0.44313726,0.4392157,0.4392157,0.40784314,0.40392157,0.43137255,0.43529412,0.42745098,0.40784314,0.3529412,0.36078432,0.39607844,0.46666667,0.52156866,0.5058824,0.49411765,0.50980395,0.49411765,0.4627451,0.44313726,0.4627451,0.46666667,0.46666667,0.49019608,0.52156866,0.5568628,0.56078434,0.56078434,0.5647059,0.54509807,0.5019608,0.47058824,0.46666667,0.49411765,0.48235294,0.45882353,0.44313726,0.36078432,0.34901962,0.38039216,0.4627451,0.53333336,0.54509807,0.54901963,0.54901963,0.5254902,0.49411765,0.47058824,0.48235294,0.49411765,0.5294118,0.5372549,0.5686275,0.5921569,0.654902,0.7137255,0.6156863,0.5764706,0.49019608,0.49019608,0.49411765,0.5137255,0.49019608,0.4627451,0.47058824,0.38431373,0.3764706,0.40392157,0.48235294,0.5058824,0.5372549,0.57254905,0.5686275,0.5529412,0.53333336,0.4862745,0.4745098,0.50980395,0.5882353,0.6431373,0.6862745,0.654902,0.65882355,0.6431373,0.5647059,0.49411765,0.4745098,0.49019608,0.49411765,0.5058824,0.5294118,0.4862745,0.45490196,0.41960785,0.41960785,0.43529412,0.48235294,0.53333336,0.56078434,0.5686275,0.5647059,0.54509807,0.54509807,0.5058824,0.48235294,0.49803922,0.6156863,0.62352943,0.42745098,0.2901961,0.2901961,0.2784314,0.34117648,0.4392157,0.47058824,0.5019608,0.5372549,0.5803922,0.5882353,0.54509807,0.45490196,0.41960785,0.42745098,0.44313726,0.50980395,0.54509807,0.5803922,0.5764706,0.5529412,0.5372549,0.5372549,0.5254902,0.5137255,0.5176471,0.5921569,0.49019608,0.23137255,0.15294118,0.16078432,0.14117648,0.19607843,0.39607844,0.49803922,0.49803922,0.58431375,0.60784316,0.57254905,0.6039216,0.5058824,0.44705883,0.4509804,0.45490196,0.49019608,0.5137255,0.5411765,0.5764706,0.58431375,0.57254905,0.5803922,0.5411765,0.5411765,0.59607846,0.56078434,0.43529412,0.21568628,0.09803922,0.08627451,0.078431375,0.18431373,0.4627451,0.6392157,0.6117647,0.6509804,0.6392157,0.58431375,0.5882353,0.5529412,0.47058824,0.5568628,0.6313726,0.64705884,0.6392157,0.6,0.5686275,0.5764706,0.6156863,0.59607846,0.52156866,0.5254902,0.6392157,0.61960787,0.4392157,0.1882353,0.07058824,0.05490196,0.0627451,0.22352941,0.45490196,0.6392157,0.6627451,0.67058825,0.5882353,0.5294118,0.5176471,0.59607846,0.5372549,0.5254902,0.61960787,0.7137255,0.7490196,0.7411765,0.6156863,0.56078434,0.5411765,0.5294118,0.5411765,0.6156863,0.65882355,0.5686275,0.42352942,0.36078432,0.18431373,0.14117648,0.21960784,0.36078432,0.40392157,0.5529412,0.627451,0.62352943,0.5019608,0.4745098,0.49411765,0.54509807,0.59607846,0.6117647,0.57254905,0.6,0.654902,0.7019608,0.72156864,0.6117647,0.5254902,0.49803922,0.5882353,0.65882355,0.54901963,0.45490196,0.3882353,0.5294118,0.5647059,0.5803922,0.59607846,0.5019608,0.43137255,0.5411765,0.6,0.5254902,0.4117647,0.41568628,0.42745098,0.5254902,0.5176471,0.49803922,0.5294118,0.5176471,0.5411765,0.62352943,0.6509804,0.69803923,0.73333335,0.6901961,0.7294118,0.627451,0.49803922,0.40392157,0.36862746,0.47843137,0.6,0.6039216,0.5764706,0.49803922,0.42352942,0.44705883,0.5058824,0.4392157,0.38431373,0.36862746,0.38039216,0.53333336,0.54509807,0.5764706,0.62352943,0.6156863,0.6117647,0.64705884,0.65882355,0.6901961,0.78431374,0.7764706,0.6901961,0.58431375,0.44313726,0.33333334,0.3137255,0.44313726,0.5568628,0.59607846,0.50980395,0.4,0.3372549,0.35686275,0.38039216,0.34509805,0.34117648,0.34509805,0.38431373,0.43529412,0.45882353,0.49411765,0.53333336,0.57254905,0.5686275,0.58431375,0.72156864,0.75686276,0.7647059,0.7490196,0.654902,0.5568628,0.39215687,0.27450982,0.29411766,0.45490196,0.5254902,0.4745098,0.38039216,0.27450982,0.21176471,0.21176471,0.21568628,0.2,0.25882354,0.34117648,0.39607844,0.3764706,0.4,0.39607844,0.38039216,0.40784314,0.47058824,0.5647059,0.6431373,0.7019608,0.7490196,0.6745098,0.5882353,0.4862745,0.29411766,0.1882353,0.21960784,0.40784314,0.4745098,0.39607844,0.2509804,0.17254902,0.13333334,0.11372549,0.12156863,0.13333334,0.17254902,0.24705882,0.34117648,0.27450982,0.3019608,0.37254903,0.38431373,0.4117647,0.49803922,0.5882353,0.6156863,0.60784316,0.58431375,0.5411765,0.42352942,0.33333334,0.21960784,0.16078432,0.21568628,0.3372549,0.39215687,0.3254902,0.21960784,0.13333334,0.11372549,0.11764706,0.10980392,0.105882354,0.12941177,0.2,0.29411766,0.1764706,0.22352941,0.2627451,0.30588236,0.3254902,0.3529412,0.4,0.43529412,0.42352942,0.4117647,0.44705883,0.45490196,0.36078432,0.21960784,0.15686275,0.19607843,0.28235295,0.32941177,0.32156864,0.29411766,0.20784314,0.18431373,0.17254902,0.1764706,0.13333334,0.13725491,0.15686275,0.22352941,0.09019608,0.13333334,0.16862746,0.19215687,0.19607843,0.23137255,0.28235295,0.34117648,0.3529412,0.34901962,0.3647059,0.34117648,0.23921569,0.13333334,0.078431375,0.09019608,0.12941177,0.19215687,0.24313726,0.23529412,0.22745098,0.24705882,0.23921569,0.22745098,0.2,0.21176471,0.22745098,0.25490198,0.06666667,0.10980392,0.16862746,0.2,0.20392157,0.20392157,0.22745098,0.25490198,0.28235295,0.3529412,0.34509805,0.25882354,0.16470589,0.08627451,0.050980393,0.039215688,0.043137256,0.078431375,0.11372549,0.14509805,0.14509805,0.13725491,0.12156863,0.12156863,0.12156863,0.12156863,0.13725491,0.14509805,0.09803922,0.105882354,0.12941177,0.16078432,0.18431373,0.20784314,0.23921569,0.27058825,0.32156864,0.28627452,0.25490198,0.18431373,0.101960786,0.05882353,0.03529412,0.03137255,0.043137256,0.08627451,0.08627451,0.07058824,0.07058824,0.0627451,0.050980393,0.047058824,0.050980393,0.0627451,0.07450981,0.08235294,0.03137255,0.047058824,0.05882353,0.08627451,0.10980392,0.16862746,0.23529412,0.23529412,0.2509804,0.23529412,0.16470589,0.11372549,0.0627451,0.047058824,0.039215688,0.05490196,0.08235294,0.11764706,0.08627451,0.05882353,0.05490196,0.050980393,0.039215688,0.047058824,0.05490196,0.06666667,0.07058824,0.06666667,0.015686275,0.023529412,0.039215688,0.0627451,0.07450981,0.105882354,0.14901961,0.18039216,0.20784314,0.19215687,0.19607843,0.16470589,0.09411765,0.05882353,0.043137256,0.05490196,0.07058824,0.09019608,0.101960786,0.105882354,0.101960786,0.105882354,0.11372549,0.11372549,0.10980392,0.11372549,0.13333334,0.13333334,0.015686275,0.02745098,0.050980393,0.06666667,0.08235294,0.101960786,0.11764706,0.14117648,0.16862746,0.18431373,0.14901961,0.101960786,0.078431375,0.07450981,0.10980392,0.19215687,0.26666668,0.34117648,0.3529412,0.32156864,0.24705882,0.20784314,0.19215687,0.16470589,0.14117648,0.14901961,0.15686275,0.15294118,0.023529412,0.043137256,0.07450981,0.101960786,0.12941177,0.14509805,0.15294118,0.16078432,0.18039216,0.1882353,0.17254902,0.17254902,0.16862746,0.16078432,0.17254902,0.20784314,0.22745098,0.24313726,0.23921569,0.2,0.14901961,0.12156863,0.101960786,0.101960786,0.105882354,0.10980392,0.1254902,0.11372549
0,0.6627451,0.64705884,0.6313726,0.6156863,0.6392157,0.6627451,0.64705884,0.6627451,0.6862745,0.7058824,0.68235296,0.6901961,0.6784314,0.69803923,0.69803923,0.70980394,0.6745098,0.6431373,0.61960787,0.64705884,0.68235296,0.68235296,0.69803923,0.69411767,0.6901961,0.69803923,0.7294118,0.73333335,0.56078434,0.5568628,0.5647059,0.57254905,0.5686275,0.56078434,0.5882353,0.6039216,0.6039216,0.6431373,0.64705884,0.6117647,0.57254905,0.58431375,0.6,0.60784316,0.57254905,0.5686275,0.5764706,0.5803922,0.57254905,0.5764706,0.62352943,0.60784316,0.60784316,0.62352943,0.67058825,0.6666667,0.5058824,0.5019608,0.52156866,0.54509807,0.5764706,0.5803922,0.59607846,0.60784316,0.62352943,0.6784314,0.65882355,0.60784316,0.56078434,0.5921569,0.5764706,0.5176471,0.5372549,0.52156866,0.5058824,0.5921569,0.5568628,0.5176471,0.5372549,0.5803922,0.5647059,0.6156863,0.6431373,0.65882355,0.5254902,0.6039216,0.5803922,0.50980395,0.5372549,0.5294118,0.5254902,0.59607846,0.63529414,0.6392157,0.6509804,0.5803922,0.5529412,0.59607846,0.6,0.56078434,0.56078434,0.5647059,0.5058824,0.60784316,0.654902,0.6,0.5568628,0.6039216,0.60784316,0.654902,0.6745098,0.6745098,0.54509807,0.59607846,0.5372549,0.5372549,0.6117647,0.56078434,0.5882353,0.69411767,0.69411767,0.67058825,0.6745098,0.65882355,0.6117647,0.6117647,0.6117647,0.5294118,0.53333336,0.5882353,0.5294118,0.61960787,0.7137255,0.7137255,0.6117647,0.5882353,0.6156863,0.6666667,0.7529412,0.7490196,0.5803922,0.58431375,0.47058824,0.5058824,0.5568628,0.47843137,0.50980395,0.627451,0.6509804,0.6784314,0.7137255,0.67058825,0.67058825,0.6039216,0.5568628,0.50980395,0.4392157,0.54509807,0.48235294,0.4117647,0.44313726,0.53333336,0.5058824,0.47058824,0.5176471,0.5803922,0.7254902,0.654902,0.6,0.57254905,0.38431373,0.39607844,0.42352942,0.36862746,0.47843137,0.58431375,0.7019608,0.74509805,0.73333335,0.654902,0.5176471,0.40392157,0.4117647,0.3882353,0.3529412,0.3764706,0.30588236,0.3254902,0.3647059,0.3529412,0.32941177,0.31764707,0.35686275,0.36862746,0.42745098,0.46666667,0.5529412,0.47058824,0.34901962,0.4745098,0.4745098,0.43529412,0.47058824,0.53333336,0.69411767,0.63529414,0.5411765,0.5137255,0.44705883,0.41568628,0.36862746,0.27450982,0.27058825,0.3529412,0.30588236,0.25490198,0.26666668,0.31764707,0.30980393,0.2784314,0.23921569,0.23137255,0.29411766,0.3647059,0.52156866,0.3882353,0.29803923,0.4509804,0.47843137,0.44313726,0.4,0.38039216,0.45490196,0.50980395,0.40392157,0.36078432,0.34117648,0.33333334,0.3529412,0.26666668,0.1882353,0.1764706,0.18039216,0.21960784,0.25490198,0.2784314,0.25882354,0.23921569,0.18431373,0.14509805,0.24313726,0.3372549,0.39607844,0.35686275,0.34509805,0.39215687,0.40784314,0.42745098,0.3529412,0.32156864,0.35686275,0.44313726,0.30980393,0.28627452,0.2627451,0.2509804,0.25490198,0.20784314,0.16470589,0.12941177,0.11764706,0.11764706,0.17254902,0.21568628,0.18431373,0.16470589,0.13725491,0.13725491,0.1882353,0.25490198,0.23529412,0.26666668,0.3529412,0.44313726,0.39607844,0.3254902,0.2509804,0.30980393,0.33333334,0.31764707,0.26666668,0.21568628,0.18039216,0.1764706,0.18039216,0.16470589,0.13333334,0.11372549,0.10980392,0.09019608,0.11372549,0.12156863,0.12156863,0.12941177,0.11764706,0.1254902,0.15294118,0.18431373,0.19607843,0.21568628,0.27450982,0.28627452,0.25882354,0.22745098,0.1882353,0.23921569,0.27058825,0.24705882,0.2,0.16470589,0.15294118,0.14901961,0.1254902,0.11372549,0.09411765,0.06666667,0.07058824,0.05490196,0.06666667,0.09411765,0.14117648,0.12941177,0.11764706,0.101960786,0.1254902,0.18431373,0.24313726,0.2784314,0.29411766,0.23529412,0.19607843,0.1764706,0.15686275,0.18039216,0.18039216,0.16862746,0.14901961,0.14901961,0.1254902,0.09803922,0.07450981,0.0627451,0.047058824,0.03529412,0.03529412,0.03529412,0.05882353,0.09019608,0.12156863,0.12156863,0.09803922,0.09411765,0.12156863,0.1882353,0.21960784,0.2784314,0.2627451,0.22352941,0.2,0.16078432,0.14117648,0.14901961,0.14509805,0.13725491,0.14117648,0.14117648,0.12941177,0.078431375,0.047058824,0.03529412,0.019607844,0.019607844,0.019607844,0.039215688,0.0627451,0.09411765,0.10980392,0.09411765,0.09019608,0.101960786,0.11764706,0.14117648,0.23137255,0.29411766,0.2784314,0.24705882,0.1764706,0.11372549,0.09411765,0.08627451,0.09019608,0.10980392,0.101960786,0.07450981,0.0627451,0.043137256,0.023529412,0.011764706,0.003921569,0.007843138,0.015686275,0.039215688,0.05490196,0.05490196,0.09411765,0.09411765,0.078431375,0.09411765,0.078431375,0.09019608,0.16470589,0.19607843,0.1882353,0.16078432,0.12941177,0.08627451,0.0627451,0.05490196,0.05882353,0.08627451,0.07058824,0.039215688,0.03137255,0.015686275,0.007843138,0.003921569,0.003921569,0.003921569,0.011764706,0.011764706,0.043137256,0.05882353,0.09803922,0.09803922,0.078431375,0.07450981,0.07450981,0.08627451,0.16862746,0.16862746,0.16470589,0.12941177,0.09411765,0.07058824,0.05882353,0.047058824,0.06666667,0.09803922,0.07058824,0.023529412,0.011764706,0.003921569,0.007843138,0.003921569,0.003921569,0.003921569,0.011764706,0.011764706,0.02745098,0.05882353,0.06666667,0.05490196,0.05490196,0.07058824,0.09019608,0.14117648,0.14509805,0.13725491,0.12156863,0.09411765,0.07058824,0.05882353,0.047058824,0.050980393,0.09411765,0.12941177,0.07450981,0.03137255,0.015686275,0.011764706,0.007843138,0.007843138,0.011764706,0.011764706,0.015686275,0.019607844,0.023529412,0.043137256,0.050980393,0.047058824,0.050980393,0.06666667,0.06666667,0.07450981,0.14509805,0.1254902,0.101960786,0.08235294,0.05490196,0.039215688,0.03529412,0.039215688,0.05490196,0.06666667,0.039215688,0.019607844,0.015686275,0.011764706,0.011764706,0.007843138,0.007843138,0.011764706,0.015686275,0.015686275,0.023529412,0.023529412,0.03529412,0.043137256,0.05490196,0.050980393,0.047058824,0.05490196,0.14509805,0.12156863,0.105882354,0.08627451,0.07058824,0.043137256,0.03529412,0.039215688,0.050980393,0.05882353,0.02745098,0.019607844,0.011764706,0.011764706,0.011764706,0.007843138,0.007843138,0.011764706,0.02745098,0.015686275,0.023529412,0.023529412,0.03529412,0.039215688,0.050980393,0.050980393,0.047058824,0.050980393,0.08235294,0.08627451,0.078431375,0.05882353,0.050980393,0.039215688,0.03529412,0.047058824,0.05882353,0.05882353,0.03137255,0.019607844,0.015686275,0.015686275,0.011764706,0.007843138,0.007843138,0.007843138,0.023529412,0.019607844,0.02745098,0.03137255,0.03137255,0.039215688,0.047058824,0.05490196,0.05490196,0.05490196,0.09411765,0.08235294,0.06666667,0.043137256,0.047058824,0.043137256,0.039215688,0.03529412,0.050980393,0.043137256,0.039215688,0.023529412,0.011764706,0.011764706,0.007843138,0.007843138,0.011764706,0.007843138,0.015686275,0.019607844,0.02745098,0.02745098,0.039215688,0.047058824,0.050980393,0.06666667,0.07058824,0.06666667,0.09019608,0.078431375,0.07058824,0.050980393,0.043137256,0.043137256,0.039215688,0.039215688,0.039215688,0.03529412,0.023529412,0.011764706,0.015686275,0.015686275,0.011764706,0.007843138,0.015686275,0.011764706,0.019607844,0.019607844,0.03137255,0.03529412,0.05490196,0.06666667,0.07058824,0.06666667,0.07058824,0.0627451,0.08235294,0.07058824,0.0627451,0.050980393,0.047058824,0.039215688,0.03137255,0.02745098,0.03529412,0.03137255,0.02745098,0.015686275,0.023529412,0.015686275,0.011764706,0.015686275,0.023529412,0.023529412,0.02745098,0.03529412,0.05490196,0.050980393,0.07058824,0.07058824,0.07450981,0.06666667,0.07058824,0.06666667,0.07058824,0.07450981,0.0627451,0.050980393,0.047058824,0.039215688,0.03137255,0.02745098,0.039215688,0.02745098,0.02745098,0.019607844,0.019607844,0.015686275,0.015686275,0.019607844,0.019607844,0.023529412,0.03529412,0.043137256,0.047058824,0.043137256,0.0627451,0.05490196,0.06666667,0.0627451,0.06666667,0.07058824,0.07058824,0.07058824,0.06666667,0.05490196,0.05490196,0.043137256,0.039215688,0.03529412,0.039215688,0.03137255,0.03137255,0.023529412,0.023529412,0.019607844,0.019607844,0.023529412,0.023529412,0.03529412,0.047058824,0.05490196,0.05490196,0.050980393,0.05882353,0.05882353,0.05882353,0.05882353,0.0627451,0.0627451,0.07450981,0.07058824,0.06666667,0.06666667,0.05490196,0.050980393,0.047058824,0.047058824,0.047058824,0.047058824,0.039215688,0.02745098,0.02745098,0.023529412,0.02745098,0.02745098,0.03137255,0.03529412,0.039215688,0.050980393,0.05882353,0.047058824,0.05490196,0.050980393,0.05490196,0.0627451,0.06666667,0.06666667,0.078431375,0.07450981,0.07058824,0.05490196,0.050980393,0.047058824,0.047058824,0.05882353,0.047058824,0.047058824,0.03137255,0.03529412,0.02745098,0.019607844,0.02745098,0.023529412,0.039215688,0.03529412,0.047058824,0.050980393,0.050980393,0.043137256,0.047058824,0.050980393,0.05490196,0.07058824,0.07450981,0.07450981
1,0.6039216,0.64705884,0.63529414,0.6,0.5529412,0.5176471,0.50980395,0.4862745,0.4627451,0.40784314,0.41960785,0.42352942,0.44705883,0.47058824,0.4745098,0.4862745,0.5058824,0.5176471,0.5372549,0.5294118,0.56078434,0.5686275,0.54509807,0.53333336,0.5411765,0.54901963,0.5568628,0.5686275,0.4745098,0.52156866,0.53333336,0.52156866,0.5372549,0.5411765,0.49803922,0.42352942,0.34901962,0.36078432,0.39607844,0.42352942,0.42352942,0.46666667,0.48235294,0.49019608,0.52156866,0.5058824,0.49019608,0.44313726,0.40392157,0.36862746,0.39607844,0.4627451,0.48235294,0.47058824,0.47843137,0.47843137,0.41960785,0.40784314,0.40392157,0.3764706,0.34117648,0.34901962,0.32156864,0.30588236,0.34117648,0.42352942,0.45490196,0.45490196,0.45882353,0.4745098,0.53333336,0.47843137,0.32941177,0.19607843,0.10980392,0.14901961,0.23529412,0.25490198,0.41960785,0.59607846,0.5254902,0.54901963,0.57254905,0.56078434,0.7176471,0.7137255,0.6666667,0.63529414,0.52156866,0.45490196,0.41568628,0.34117648,0.30588236,0.36862746,0.36862746,0.4,0.49411765,0.53333336,0.5137255,0.42745098,0.23137255,0.14509805,0.10980392,0.22745098,0.40392157,0.5764706,0.654902,0.5529412,0.49803922,0.5411765,0.5686275,0.5137255,0.627451,0.6156863,0.5568628,0.54901963,0.5254902,0.4862745,0.42745098,0.3019608,0.28627452,0.3529412,0.3254902,0.2901961,0.39215687,0.5254902,0.4509804,0.36862746,0.47843137,0.56078434,0.57254905,0.654902,0.64705884,0.5568628,0.43529412,0.39215687,0.3882353,0.3647059,0.38431373,0.40392157,0.6627451,0.6156863,0.5882353,0.5254902,0.4627451,0.39215687,0.33333334,0.21176471,0.19215687,0.27058825,0.2627451,0.24313726,0.3137255,0.40392157,0.40392157,0.38431373,0.44313726,0.5176471,0.50980395,0.5254902,0.47058824,0.4117647,0.40392157,0.42352942,0.4392157,0.47058824,0.4862745,0.49019608,0.7058824,0.6313726,0.5882353,0.53333336,0.44313726,0.40392157,0.34901962,0.21960784,0.14901961,0.18039216,0.23921569,0.34117648,0.43529412,0.42745098,0.35686275,0.34509805,0.3882353,0.43529412,0.47058824,0.45882353,0.5019608,0.54509807,0.58431375,0.654902,0.6627451,0.67058825,0.7019608,0.7137255,0.6392157,0.6,0.5529412,0.5372549,0.49019608,0.46666667,0.38431373,0.26666668,0.24705882,0.2509804,0.2901961,0.3882353,0.48235294,0.54509807,0.43529412,0.42745098,0.41960785,0.44705883,0.5254902,0.5568628,0.627451,0.75686276,0.77254903,0.7411765,0.6156863,0.58431375,0.5647059,0.49803922,0.6,0.57254905,0.63529414,0.67058825,0.627451,0.5647059,0.45882353,0.3019608,0.31764707,0.42352942,0.4862745,0.49411765,0.49019608,0.52156866,0.53333336,0.49803922,0.4745098,0.5254902,0.50980395,0.57254905,0.49803922,0.5921569,0.61960787,0.56078434,0.4627451,0.4745098,0.5411765,0.5529412,0.46666667,0.44313726,0.47843137,0.56078434,0.6313726,0.53333336,0.3529412,0.29803923,0.34117648,0.4,0.5019608,0.5294118,0.4862745,0.43529412,0.4392157,0.42745098,0.4627451,0.5686275,0.6117647,0.5019608,0.3529412,0.42745098,0.49019608,0.4862745,0.49019608,0.45490196,0.4117647,0.38039216,0.43137255,0.3764706,0.38039216,0.41568628,0.4,0.37254903,0.3019608,0.2784314,0.32156864,0.37254903,0.4392157,0.49411765,0.48235294,0.44705883,0.45490196,0.4745098,0.45490196,0.50980395,0.5882353,0.4862745,0.36862746,0.49411765,0.5686275,0.5764706,0.5529412,0.5058824,0.43137255,0.3882353,0.30588236,0.29803923,0.30588236,0.30980393,0.27058825,0.21568628,0.18039216,0.19607843,0.2509804,0.29411766,0.29411766,0.28627452,0.3529412,0.3764706,0.37254903,0.31764707,0.29411766,0.32941177,0.42745098,0.41568628,0.41960785,0.49803922,0.5647059,0.5294118,0.45490196,0.41568628,0.39215687,0.4117647,0.28627452,0.32941177,0.34901962,0.34901962,0.32941177,0.2784314,0.24313726,0.20784314,0.21568628,0.2509804,0.3529412,0.38431373,0.38431373,0.42745098,0.44313726,0.4,0.31764707,0.29411766,0.25490198,0.27058825,0.3372549,0.40784314,0.47843137,0.49019608,0.48235294,0.47058824,0.41568628,0.41960785,0.4117647,0.43529412,0.41568628,0.39215687,0.32941177,0.26666668,0.23529412,0.2,0.22352941,0.2784314,0.34117648,0.4,0.39215687,0.34509805,0.38039216,0.39215687,0.32156864,0.33333334,0.40784314,0.48235294,0.47843137,0.5019608,0.5647059,0.5137255,0.43529412,0.48235294,0.6039216,0.7058824,0.27058825,0.29411766,0.3137255,0.28627452,0.23529412,0.20392157,0.23921569,0.27450982,0.26666668,0.28627452,0.34901962,0.3764706,0.43529412,0.4627451,0.43137255,0.41568628,0.41568628,0.41568628,0.41568628,0.5254902,0.6156863,0.65882355,0.70980394,0.7137255,0.7647059,0.8117647,0.7882353,0.72156864,0.27058825,0.29411766,0.2901961,0.25490198,0.23137255,0.19215687,0.1764706,0.19215687,0.24705882,0.31764707,0.36078432,0.36862746,0.4392157,0.4745098,0.49803922,0.46666667,0.4392157,0.44313726,0.47843137,0.5568628,0.6431373,0.7176471,0.8,0.8862745,0.89411765,0.80784315,0.6784314,0.54901963,0.2627451,0.30588236,0.3372549,0.30980393,0.27058825,0.23529412,0.23137255,0.2509804,0.28627452,0.3137255,0.36078432,0.35686275,0.3529412,0.3372549,0.3647059,0.40784314,0.42352942,0.36078432,0.31764707,0.35686275,0.45882353,0.53333336,0.5764706,0.6745098,0.7372549,0.68235296,0.5294118,0.43137255,0.33333334,0.3764706,0.39215687,0.32941177,0.26666668,0.2627451,0.25490198,0.17254902,0.18039216,0.22745098,0.24313726,0.2509804,0.27450982,0.29411766,0.32941177,0.3529412,0.32156864,0.31764707,0.30980393,0.3254902,0.38431373,0.41960785,0.5058824,0.5411765,0.53333336,0.48235294,0.41568628,0.39215687,0.21568628,0.2,0.19607843,0.1764706,0.16470589,0.1764706,0.20784314,0.22352941,0.27450982,0.30588236,0.28627452,0.2784314,0.27450982,0.29803923,0.2901961,0.30588236,0.3254902,0.3019608,0.23921569,0.22745098,0.2627451,0.2901961,0.32941177,0.3529412,0.4,0.4,0.40784314,0.43137255,0.20784314,0.21960784,0.24705882,0.25490198,0.25882354,0.22352941,0.21960784,0.21568628,0.24313726,0.2784314,0.2901961,0.29411766,0.2509804,0.21960784,0.23921569,0.2627451,0.2627451,0.21960784,0.2,0.21960784,0.24313726,0.2627451,0.2784314,0.30980393,0.37254903,0.34901962,0.33333334,0.3254902,0.15686275,0.16470589,0.1764706,0.19215687,0.19607843,0.1764706,0.15294118,0.13333334,0.15686275,0.16862746,0.18039216,0.1764706,0.18039216,0.2,0.19215687,0.20784314,0.23137255,0.22745098,0.20784314,0.21176471,0.21568628,0.20392157,0.22745098,0.26666668,0.3019608,0.3019608,0.3019608,0.31764707,0.18039216,0.1882353,0.18431373,0.14117648,0.11764706,0.08627451,0.08235294,0.09019608,0.12941177,0.15686275,0.16470589,0.15686275,0.14901961,0.16470589,0.15686275,0.16078432,0.16470589,0.18039216,0.19215687,0.22352941,0.23921569,0.2,0.21176471,0.2784314,0.2901961,0.3137255,0.35686275,0.35686275,0.25490198,0.22352941,0.14117648,0.105882354,0.09019608,0.078431375,0.07450981,0.09019608,0.101960786,0.11372549,0.1254902,0.12941177,0.15294118,0.18039216,0.16862746,0.14509805,0.14509805,0.15294118,0.17254902,0.20784314,0.20392157,0.15294118,0.1764706,0.21176471,0.2901961,0.30980393,0.2901961,0.2627451,0.15294118,0.15686275,0.14117648,0.11372549,0.08627451,0.08235294,0.08627451,0.11372549,0.1254902,0.15686275,0.19215687,0.22352941,0.29803923,0.33333334,0.32941177,0.32941177,0.3764706,0.39607844,0.30980393,0.21568628,0.14901961,0.13333334,0.16862746,0.20784314,0.23137255,0.24705882,0.23921569,0.22745098,0.13333334,0.1254902,0.11372549,0.10980392,0.101960786,0.09803922,0.11372549,0.14901961,0.18431373,0.18039216,0.14901961,0.12941177,0.15294118,0.15294118,0.14901961,0.15294118,0.16078432,0.16078432,0.14117648,0.12941177,0.12941177,0.14117648,0.14901961,0.16078432,0.1764706,0.19607843,0.2,0.19215687,0.1254902,0.13333334,0.11764706,0.12156863,0.1254902,0.1254902,0.14509805,0.13333334,0.10980392,0.105882354,0.11764706,0.11764706,0.12156863,0.1254902,0.11764706,0.11764706,0.13333334,0.15686275,0.17254902,0.16862746,0.16078432,0.16078432,0.16470589,0.15686275,0.16078432,0.1764706,0.18039216,0.1882353,0.13725491,0.12941177,0.10980392,0.08627451,0.07450981,0.07058824,0.07450981,0.078431375,0.078431375,0.09803922,0.1254902,0.16078432,0.1764706,0.15294118,0.1254902,0.12941177,0.1254902,0.13333334,0.15294118,0.16078432,0.13725491,0.13725491,0.12941177,0.14509805,0.16078432,0.1882353,0.20392157,0.21568628,0.16862746,0.12941177,0.105882354,0.08627451,0.078431375,0.07450981,0.07058824,0.07450981,0.07058824,0.101960786,0.09803922,0.10980392,0.13725491,0.13333334,0.11372549,0.105882354,0.09803922,0.105882354,0.12156863,0.12156863,0.1254902,0.1254902,0.12156863,0.13333334,0.15294118,0.18039216,0.1882353,0.18039216
0,0.6901961,0.69803923,0.7019608,0.69803923,0.6627451,0.6627451,0.6509804,0.6784314,0.6627451,0.6627451,0.69411767,0.7058824,0.69411767,0.6862745,0.6901961,0.7058824,0.72156864,0.7137255,0.6862745,0.6392157,0.6745098,0.6901961,0.68235296,0.6627451,0.68235296,0.69803923,0.72156864,0.72156864,0.5137255,0.5137255,0.49411765,0.44705883,0.4392157,0.4509804,0.4392157,0.43529412,0.4392157,0.4745098,0.48235294,0.5058824,0.52156866,0.49411765,0.47843137,0.48235294,0.47843137,0.4627451,0.4627451,0.44705883,0.47843137,0.4862745,0.44313726,0.4509804,0.4627451,0.49803922,0.5372549,0.53333336,0.67058825,0.63529414,0.5764706,0.49411765,0.44705883,0.40784314,0.41960785,0.42352942,0.42352942,0.43529412,0.42745098,0.4117647,0.39215687,0.39215687,0.4117647,0.42352942,0.41960785,0.44313726,0.43529412,0.3882353,0.36862746,0.39607844,0.39215687,0.39607844,0.45490196,0.47843137,0.5372549,0.57254905,0.6666667,0.6862745,0.6901961,0.69411767,0.6784314,0.58431375,0.56078434,0.52156866,0.5137255,0.5137255,0.4627451,0.4117647,0.43137255,0.41568628,0.4392157,0.43137255,0.45490196,0.4509804,0.4862745,0.45882353,0.40784314,0.4,0.42745098,0.4509804,0.48235294,0.49411765,0.49803922,0.54509807,0.54901963,0.52156866,0.5058824,0.5372549,0.57254905,0.5647059,0.5294118,0.47843137,0.4862745,0.5411765,0.5372549,0.52156866,0.50980395,0.49411765,0.50980395,0.4627451,0.4862745,0.5019608,0.5254902,0.49803922,0.4392157,0.44705883,0.4627451,0.46666667,0.54901963,0.5411765,0.5882353,0.7058824,0.6117647,0.60784316,0.5647059,0.5882353,0.5372549,0.4745098,0.5254902,0.54901963,0.56078434,0.5882353,0.5803922,0.5921569,0.6156863,0.6156863,0.61960787,0.5921569,0.5921569,0.5882353,0.5568628,0.5568628,0.54901963,0.5568628,0.5058824,0.4627451,0.58431375,0.64705884,0.6509804,0.67058825,0.62352943,0.6313726,0.6313726,0.6392157,0.60784316,0.52156866,0.49803922,0.5882353,0.6313726,0.654902,0.6509804,0.6745098,0.70980394,0.69803923,0.69803923,0.72156864,0.70980394,0.6784314,0.6392157,0.64705884,0.6784314,0.6156863,0.59607846,0.5686275,0.5764706,0.6313726,0.6431373,0.63529414,0.5568628,0.56078434,0.5921569,0.63529414,0.67058825,0.654902,0.5921569,0.6392157,0.7019608,0.69803923,0.6509804,0.6117647,0.6392157,0.65882355,0.6509804,0.74509805,0.78039217,0.7411765,0.7607843,0.75686276,0.7490196,0.7058824,0.6745098,0.6039216,0.54901963,0.5686275,0.5647059,0.61960787,0.6039216,0.60784316,0.627451,0.627451,0.63529414,0.64705884,0.6666667,0.6784314,0.6745098,0.6156863,0.56078434,0.5176471,0.5529412,0.5882353,0.45490196,0.57254905,0.7411765,0.79607844,0.7921569,0.7019608,0.7058824,0.7411765,0.7137255,0.6117647,0.5411765,0.6,0.72156864,0.7764706,0.56078434,0.60784316,0.6392157,0.6156863,0.60784316,0.5803922,0.5764706,0.60784316,0.627451,0.56078434,0.47058824,0.46666667,0.42745098,0.45490196,0.39607844,0.42352942,0.54509807,0.64705884,0.7254902,0.7294118,0.70980394,0.7137255,0.74509805,0.74509805,0.7647059,0.7607843,0.6627451,0.57254905,0.5411765,0.5529412,0.5882353,0.6117647,0.56078434,0.4745098,0.52156866,0.6509804,0.6509804,0.6392157,0.45882353,0.39215687,0.28235295,0.3137255,0.2784314,0.3019608,0.41960785,0.5058824,0.75686276,0.81960785,0.8156863,0.8235294,0.78039217,0.6862745,0.5882353,0.5372549,0.5411765,0.5294118,0.61960787,0.61960787,0.6,0.5921569,0.5176471,0.41568628,0.41960785,0.45490196,0.4627451,0.48235294,0.45882353,0.3882353,0.2509804,0.19215687,0.13725491,0.1764706,0.3137255,0.5411765,0.6901961,0.6745098,0.6666667,0.6509804,0.5921569,0.54509807,0.5137255,0.5254902,0.54509807,0.54901963,0.73333335,0.70980394,0.6156863,0.54509807,0.48235294,0.41568628,0.42745098,0.43529412,0.43529412,0.4117647,0.3372549,0.31764707,0.3137255,0.20392157,0.11764706,0.13333334,0.20784314,0.40392157,0.5137255,0.5411765,0.54901963,0.54509807,0.52156866,0.5019608,0.5058824,0.5411765,0.58431375,0.6509804,0.67058825,0.64705884,0.6313726,0.6156863,0.5411765,0.48235294,0.4745098,0.52156866,0.49411765,0.43529412,0.34509805,0.26666668,0.21568628,0.1882353,0.12941177,0.1254902,0.18431373,0.4117647,0.5411765,0.5764706,0.5294118,0.5058824,0.5294118,0.5372549,0.5529412,0.59607846,0.6392157,0.6117647,0.69803923,0.6666667,0.6509804,0.63529414,0.5882353,0.5647059,0.58431375,0.6156863,0.63529414,0.5764706,0.4627451,0.34509805,0.20784314,0.09803922,0.05490196,0.07058824,0.14901961,0.34117648,0.53333336,0.54901963,0.49411765,0.49803922,0.57254905,0.61960787,0.6627451,0.627451,0.6,0.59607846,0.54509807,0.5137255,0.49019608,0.4627451,0.44313726,0.4509804,0.54509807,0.5882353,0.6039216,0.5882353,0.5372549,0.41568628,0.16862746,0.0627451,0.039215688,0.05882353,0.1764706,0.36862746,0.53333336,0.5686275,0.5882353,0.62352943,0.6431373,0.67058825,0.654902,0.6117647,0.61960787,0.69411767,0.5137255,0.47843137,0.40784314,0.4,0.38431373,0.3647059,0.40392157,0.5058824,0.5803922,0.5803922,0.5176471,0.36862746,0.15294118,0.039215688,0.02745098,0.0627451,0.1882353,0.41960785,0.5882353,0.6313726,0.6392157,0.6784314,0.6,0.58431375,0.61960787,0.6509804,0.6431373,0.6039216,0.5137255,0.45882353,0.38431373,0.34117648,0.3647059,0.4,0.42745098,0.47843137,0.5568628,0.5137255,0.41568628,0.24313726,0.0627451,0.047058824,0.047058824,0.05490196,0.14117648,0.30980393,0.4862745,0.57254905,0.63529414,0.6784314,0.68235296,0.69411767,0.6392157,0.6156863,0.5568628,0.5176471,0.67058825,0.6901961,0.6117647,0.5254902,0.5058824,0.48235294,0.43529412,0.4117647,0.39215687,0.34117648,0.27058825,0.16078432,0.03137255,0.007843138,0.007843138,0.007843138,0.043137256,0.14901961,0.3137255,0.44313726,0.49411765,0.48235294,0.54901963,0.60784316,0.59607846,0.58431375,0.58431375,0.5647059,0.6,0.57254905,0.5529412,0.54509807,0.50980395,0.3882353,0.29411766,0.24705882,0.22352941,0.22745098,0.20392157,0.12156863,0.023529412,0.003921569,0.003921569,0.003921569,0.02745098,0.105882354,0.21960784,0.3254902,0.39607844,0.4392157,0.4862745,0.5058824,0.5019608,0.50980395,0.52156866,0.53333336,0.43137255,0.39607844,0.36078432,0.37254903,0.34117648,0.2901961,0.21568628,0.16862746,0.15294118,0.14901961,0.12941177,0.05490196,0.011764706,0.003921569,0.003921569,0.015686275,0.039215688,0.11764706,0.22352941,0.30980393,0.38431373,0.41960785,0.3764706,0.4117647,0.4392157,0.43137255,0.42745098,0.42745098,0.2784314,0.27450982,0.2784314,0.2784314,0.24705882,0.19215687,0.13333334,0.12941177,0.14509805,0.14509805,0.09803922,0.039215688,0.007843138,0.007843138,0.011764706,0.02745098,0.07058824,0.11372549,0.24705882,0.3764706,0.39215687,0.36078432,0.33333334,0.37254903,0.3882353,0.39607844,0.39215687,0.35686275,0.21568628,0.21960784,0.2,0.1764706,0.16470589,0.11372549,0.08627451,0.08235294,0.09019608,0.09411765,0.07058824,0.03137255,0.011764706,0.007843138,0.007843138,0.007843138,0.03137255,0.08235294,0.17254902,0.26666668,0.3019608,0.29803923,0.29803923,0.30588236,0.32156864,0.36862746,0.3529412,0.32941177,0.21176471,0.19215687,0.18431373,0.16078432,0.11764706,0.07058824,0.0627451,0.0627451,0.06666667,0.0627451,0.05882353,0.03137255,0.007843138,0.003921569,0.007843138,0.011764706,0.015686275,0.05882353,0.13333334,0.20392157,0.27058825,0.2901961,0.29411766,0.27450982,0.2784314,0.3137255,0.32941177,0.32156864,0.20392157,0.18431373,0.15686275,0.12941177,0.08627451,0.07058824,0.05882353,0.050980393,0.050980393,0.043137256,0.02745098,0.011764706,0.007843138,0.007843138,0.007843138,0.007843138,0.015686275,0.039215688,0.09411765,0.16078432,0.2,0.25882354,0.30588236,0.29411766,0.27450982,0.33333334,0.3372549,0.34901962,0.15294118,0.13725491,0.11372549,0.09019608,0.05490196,0.07450981,0.05490196,0.047058824,0.039215688,0.019607844,0.023529412,0.015686275,0.011764706,0.011764706,0.011764706,0.011764706,0.023529412,0.039215688,0.101960786,0.18039216,0.24313726,0.2784314,0.29411766,0.26666668,0.30588236,0.3529412,0.3372549,0.36862746,0.14117648,0.15294118,0.10980392,0.07058824,0.05882353,0.047058824,0.047058824,0.043137256,0.043137256,0.03137255,0.02745098,0.011764706,0.015686275,0.015686275,0.015686275,0.023529412,0.05490196,0.08235294,0.15294118,0.21568628,0.2627451,0.2784314,0.26666668,0.24313726,0.28235295,0.3254902,0.32941177,0.3372549,0.15686275,0.13725491,0.101960786,0.07058824,0.047058824,0.050980393,0.039215688,0.02745098,0.02745098,0.023529412,0.02745098,0.019607844,0.015686275,0.015686275,0.019607844,0.02745098,0.047058824,0.07058824,0.12941177,0.18431373,0.19607843,0.19215687,0.20784314,0.25490198,0.30980393,0.32156864,0.30588236,0.29803923
0,0.59607846,0.57254905,0.5647059,0.6392157,0.61960787,0.5764706,0.5764706,0.6117647,0.6313726,0.627451,0.5686275,0.6117647,0.65882355,0.654902,0.6117647,0.5568628,0.61960787,0.6431373,0.6039216,0.5568628,0.6,0.6392157,0.63529414,0.6392157,0.65882355,0.654902,0.62352943,0.63529414,0.60784316,0.5882353,0.6117647,0.7019608,0.69411767,0.6784314,0.67058825,0.68235296,0.6627451,0.6509804,0.627451,0.6627451,0.7137255,0.73333335,0.7019608,0.6392157,0.6862745,0.7137255,0.6862745,0.6666667,0.6745098,0.69411767,0.6862745,0.6901961,0.69803923,0.69411767,0.6509804,0.65882355,0.654902,0.6313726,0.6392157,0.6627451,0.64705884,0.67058825,0.67058825,0.7137255,0.7294118,0.69803923,0.6666667,0.69803923,0.7529412,0.7647059,0.7529412,0.7019608,0.7372549,0.76862746,0.7372549,0.7137255,0.7137255,0.74509805,0.7372549,0.7372549,0.75686276,0.7254902,0.6862745,0.6862745,0.5803922,0.6117647,0.6156863,0.5568628,0.45490196,0.5568628,0.6,0.59607846,0.6666667,0.69411767,0.6901961,0.74509805,0.7607843,0.7647059,0.75686276,0.7411765,0.75686276,0.77254903,0.7529412,0.7058824,0.7294118,0.7764706,0.7647059,0.7176471,0.7058824,0.6862745,0.6431373,0.62352943,0.5019608,0.5019608,0.47058824,0.45490196,0.4627451,0.59607846,0.6431373,0.654902,0.6509804,0.654902,0.69803923,0.73333335,0.7411765,0.75686276,0.7529412,0.7254902,0.7176471,0.7372549,0.7176471,0.68235296,0.6784314,0.6862745,0.6784314,0.6627451,0.63529414,0.62352943,0.6156863,0.5764706,0.49411765,0.5372549,0.5921569,0.60784316,0.64705884,0.6784314,0.67058825,0.6862745,0.6509804,0.63529414,0.69803923,0.73333335,0.7176471,0.73333335,0.6901961,0.6627451,0.68235296,0.68235296,0.67058825,0.64705884,0.64705884,0.6431373,0.6313726,0.64705884,0.6509804,0.61960787,0.5882353,0.5882353,0.5686275,0.6156863,0.62352943,0.60784316,0.627451,0.6431373,0.6431373,0.6666667,0.62352943,0.60784316,0.62352943,0.6784314,0.6901961,0.67058825,0.6784314,0.6745098,0.6862745,0.69411767,0.627451,0.5921569,0.6117647,0.6117647,0.6313726,0.6392157,0.6117647,0.6039216,0.6039216,0.627451,0.58431375,0.6392157,0.60784316,0.59607846,0.627451,0.6313726,0.6117647,0.627451,0.5764706,0.5882353,0.6117647,0.65882355,0.63529414,0.6392157,0.6509804,0.6627451,0.6313726,0.6313726,0.5686275,0.6117647,0.6313726,0.61960787,0.6431373,0.65882355,0.65882355,0.64705884,0.62352943,0.5647059,0.50980395,0.5568628,0.57254905,0.5764706,0.6392157,0.654902,0.6784314,0.6666667,0.6392157,0.64705884,0.61960787,0.65882355,0.63529414,0.61960787,0.60784316,0.64705884,0.58431375,0.57254905,0.5372549,0.61960787,0.6313726,0.6627451,0.69803923,0.7137255,0.63529414,0.5372549,0.6,0.6431373,0.58431375,0.5803922,0.50980395,0.50980395,0.52156866,0.52156866,0.59607846,0.5647059,0.5803922,0.70980394,0.69803923,0.6392157,0.6784314,0.6784314,0.627451,0.6392157,0.56078434,0.56078434,0.5137255,0.5803922,0.6117647,0.6745098,0.7411765,0.7294118,0.6039216,0.5568628,0.6039216,0.6313726,0.54509807,0.5294118,0.49803922,0.53333336,0.5764706,0.56078434,0.49803922,0.48235294,0.6,0.6,0.5176471,0.3882353,0.4627451,0.6901961,0.64705884,0.61960787,0.57254905,0.5686275,0.5254902,0.49411765,0.5686275,0.6745098,0.70980394,0.69803923,0.6862745,0.6392157,0.5647059,0.5176471,0.4745098,0.42745098,0.42745098,0.53333336,0.6,0.61960787,0.5176471,0.43137255,0.44313726,0.36862746,0.3529412,0.3254902,0.31764707,0.6156863,0.72156864,0.6666667,0.6039216,0.5803922,0.54901963,0.49019608,0.5294118,0.57254905,0.5921569,0.5764706,0.5686275,0.5411765,0.5294118,0.50980395,0.40784314,0.4117647,0.42745098,0.54901963,0.68235296,0.69803923,0.54901963,0.38039216,0.32156864,0.28235295,0.28627452,0.2901961,0.3372549,0.48235294,0.6784314,0.79607844,0.7019608,0.5803922,0.5137255,0.4117647,0.42745098,0.49019608,0.5058824,0.50980395,0.5529412,0.5254902,0.47843137,0.4509804,0.3647059,0.3764706,0.4392157,0.6156863,0.6666667,0.6313726,0.4862745,0.30980393,0.2627451,0.23921569,0.22745098,0.24705882,0.2901961,0.4117647,0.5176471,0.6039216,0.5921569,0.50980395,0.4627451,0.37254903,0.38039216,0.49019608,0.5294118,0.5019608,0.45490196,0.4509804,0.4392157,0.43137255,0.37254903,0.3764706,0.41568628,0.5372549,0.5686275,0.45882353,0.3372549,0.2509804,0.23921569,0.27058825,0.25490198,0.22745098,0.25882354,0.40392157,0.4745098,0.56078434,0.6156863,0.5568628,0.43529412,0.34509805,0.3372549,0.39215687,0.38431373,0.36862746,0.38039216,0.42352942,0.39607844,0.31764707,0.34901962,0.4,0.43137255,0.40784314,0.36862746,0.29803923,0.23137255,0.18039216,0.19215687,0.2509804,0.2627451,0.23137255,0.28627452,0.3764706,0.4745098,0.6156863,0.6156863,0.5019608,0.3137255,0.24313726,0.2509804,0.3019608,0.3529412,0.40784314,0.39607844,0.34509805,0.28627452,0.24705882,0.23137255,0.26666668,0.33333334,0.38431373,0.3529412,0.27450982,0.19607843,0.14117648,0.12941177,0.13725491,0.16078432,0.2,0.27058825,0.2901961,0.34901962,0.40784314,0.45882353,0.43137255,0.3137255,0.23137255,0.21568628,0.25882354,0.27450982,0.29411766,0.2784314,0.25490198,0.23529412,0.21568628,0.21568628,0.23529412,0.23137255,0.23137255,0.23137255,0.23137255,0.17254902,0.12941177,0.14509805,0.14901961,0.14509805,0.14901961,0.21960784,0.23137255,0.25882354,0.32156864,0.3882353,0.39215687,0.3019608,0.19607843,0.18039216,0.21176471,0.24705882,0.2627451,0.25882354,0.23921569,0.19215687,0.16862746,0.20784314,0.21176471,0.1882353,0.16078432,0.15686275,0.13725491,0.101960786,0.09019608,0.13333334,0.14117648,0.09803922,0.08627451,0.13725491,0.16078432,0.18431373,0.23529412,0.25882354,0.25882354,0.23137255,0.2,0.20392157,0.2509804,0.2784314,0.2784314,0.27450982,0.23529412,0.16078432,0.12156863,0.16862746,0.18039216,0.16470589,0.13333334,0.09803922,0.07450981,0.0627451,0.05882353,0.08235294,0.08627451,0.0627451,0.050980393,0.08627451,0.10980392,0.13333334,0.16470589,0.21960784,0.20784314,0.18039216,0.20784314,0.22745098,0.27058825,0.27450982,0.24705882,0.21960784,0.16862746,0.11372549,0.08627451,0.14901961,0.14901961,0.11764706,0.105882354,0.08627451,0.07058824,0.050980393,0.05490196,0.06666667,0.06666667,0.050980393,0.039215688,0.0627451,0.08235294,0.11764706,0.14509805,0.16078432,0.16078432,0.14901961,0.15294118,0.14117648,0.17254902,0.1764706,0.15294118,0.14117648,0.13333334,0.09803922,0.078431375,0.14509805,0.13725491,0.10980392,0.09019608,0.07450981,0.06666667,0.05882353,0.08627451,0.09411765,0.078431375,0.0627451,0.047058824,0.05490196,0.05490196,0.09019608,0.1254902,0.14117648,0.14117648,0.10980392,0.09019608,0.08235294,0.101960786,0.1254902,0.13333334,0.13333334,0.12156863,0.09803922,0.078431375,0.15686275,0.13333334,0.10980392,0.09803922,0.078431375,0.06666667,0.07058824,0.08627451,0.09411765,0.09411765,0.0627451,0.047058824,0.047058824,0.05490196,0.0627451,0.08235294,0.09803922,0.09019608,0.07058824,0.07450981,0.08627451,0.11764706,0.1254902,0.13725491,0.1254902,0.10980392,0.09411765,0.08627451,0.16862746,0.16470589,0.14509805,0.12156863,0.105882354,0.08627451,0.08235294,0.08627451,0.09019608,0.08235294,0.0627451,0.05882353,0.05882353,0.0627451,0.0627451,0.07058824,0.07450981,0.078431375,0.07450981,0.09411765,0.09803922,0.09411765,0.101960786,0.105882354,0.105882354,0.10980392,0.11372549,0.09803922,0.1254902,0.1254902,0.12156863,0.11372549,0.105882354,0.09803922,0.09019608,0.08627451,0.09019608,0.08235294,0.07058824,0.06666667,0.0627451,0.0627451,0.07058824,0.078431375,0.08627451,0.09019608,0.08235294,0.09019608,0.09019608,0.09411765,0.105882354,0.11372549,0.11372549,0.11764706,0.10980392,0.101960786,0.11764706,0.10980392,0.09411765,0.09019608,0.09019608,0.08235294,0.078431375,0.08235294,0.08235294,0.07450981,0.07058824,0.06666667,0.06666667,0.06666667,0.07450981,0.07450981,0.08235294,0.08235294,0.07450981,0.078431375,0.08235294,0.08627451,0.09019608,0.09803922,0.09411765,0.09411765,0.09803922,0.09803922,0.10980392,0.105882354,0.09411765,0.08235294,0.08235294,0.078431375,0.07450981,0.07450981,0.07450981,0.07058824,0.06666667,0.06666667,0.06666667,0.07058824,0.07058824,0.07058824,0.07058824,0.06666667,0.07058824,0.078431375,0.08235294,0.08235294,0.08235294,0.09019608,0.08627451,0.09019608,0.09019608,0.09411765,0.101960786,0.09411765,0.09019608,0.08627451,0.08235294,0.07450981,0.07058824,0.07058824,0.0627451,0.0627451,0.0627451,0.06666667,0.0627451,0.06666667,0.0627451,0.0627451,0.06666667,0.07058824,0.07450981,0.07058824,0.07450981,0.08235294,0.08235294,0.08627451,0.08627451,0.08627451,0.09411765,0.09411765
1,0.5764706,0.6,0.627451,0.6392157,0.6117647,0.6,0.54901963,0.6117647,0.64705884,0.5882353,0.54901963,0.56078434,0.5647059,0.6313726,0.6745098,0.6392157,0.5921569,0.6039216,0.5921569,0.5803922,0.5921569,0.6039216,0.6156863,0.6039216,0.6156863,0.627451,0.654902,0.6784314,0.43529412,0.44705883,0.47058824,0.4745098,0.47058824,0.49411765,0.4627451,0.48235294,0.52156866,0.44313726,0.42745098,0.39215687,0.37254903,0.3764706,0.47843137,0.5882353,0.4862745,0.41568628,0.3764706,0.3529412,0.38431373,0.42352942,0.45882353,0.4745098,0.4627451,0.5058824,0.5176471,0.54509807,0.45490196,0.4627451,0.49411765,0.5058824,0.4745098,0.5176471,0.6,0.6627451,0.64705884,0.5411765,0.49803922,0.44705883,0.40784314,0.39607844,0.39607844,0.40784314,0.43137255,0.4509804,0.4117647,0.3647059,0.36862746,0.38431373,0.41568628,0.4392157,0.4862745,0.5529412,0.5137255,0.5803922,0.5176471,0.50980395,0.39607844,0.24705882,0.15686275,0.14117648,0.22352941,0.4392157,0.5372549,0.58431375,0.58431375,0.48235294,0.44705883,0.43529412,0.4117647,0.42745098,0.45882353,0.40784314,0.4117647,0.40392157,0.39215687,0.40784314,0.43137255,0.4509804,0.44313726,0.4392157,0.4862745,0.5137255,0.49803922,0.27058825,0.06666667,0.015686275,0.011764706,0.015686275,0.05882353,0.21568628,0.45882353,0.56078434,0.6039216,0.6039216,0.5686275,0.56078434,0.46666667,0.45490196,0.4627451,0.47843137,0.49019608,0.5058824,0.4509804,0.45882353,0.45882353,0.43137255,0.38431373,0.4745098,0.5176471,0.53333336,0.12941177,0.019607844,0.003921569,0.003921569,0.003921569,0.003921569,0.011764706,0.06666667,0.34117648,0.49411765,0.5137255,0.6431373,0.627451,0.6156863,0.5568628,0.5294118,0.5019608,0.5254902,0.53333336,0.5372549,0.56078434,0.57254905,0.5411765,0.43529412,0.42352942,0.47843137,0.5372549,0.5411765,0.011764706,0.003921569,0.003921569,0.003921569,0.003921569,0.003921569,0.003921569,0.011764706,0.20392157,0.49803922,0.4862745,0.64705884,0.7019608,0.7058824,0.7176471,0.6156863,0.5529412,0.5568628,0.59607846,0.5372549,0.56078434,0.5019608,0.43529412,0.39215687,0.39215687,0.45490196,0.53333336,0.5568628,0.003921569,0.003921569,0.003921569,0.003921569,0.003921569,0.003921569,0.003921569,0.011764706,0.13725491,0.45882353,0.5294118,0.58431375,0.49411765,0.5372549,0.627451,0.63529414,0.5882353,0.5921569,0.5686275,0.49411765,0.4509804,0.43529412,0.42745098,0.4,0.40784314,0.45490196,0.5019608,0.627451,0.003921569,0.003921569,0.003921569,0.003921569,0.003921569,0.003921569,0.003921569,0.03137255,0.2,0.44313726,0.53333336,0.5372549,0.38039216,0.4627451,0.57254905,0.5058824,0.62352943,0.6784314,0.56078434,0.49411765,0.4,0.3529412,0.40392157,0.38431373,0.3882353,0.44313726,0.5647059,0.6784314,0.011764706,0.007843138,0.003921569,0.003921569,0.003921569,0.003921569,0.003921569,0.043137256,0.25882354,0.4745098,0.5921569,0.54509807,0.2784314,0.2509804,0.34901962,0.34509805,0.3764706,0.48235294,0.53333336,0.5294118,0.43529412,0.3254902,0.3882353,0.41568628,0.48235294,0.5411765,0.59607846,0.6039216,0.03137255,0.019607844,0.011764706,0.007843138,0.003921569,0.003921569,0.007843138,0.05882353,0.2784314,0.5254902,0.68235296,0.61960787,0.39215687,0.25490198,0.27450982,0.3019608,0.3137255,0.36862746,0.34509805,0.3882353,0.39215687,0.41568628,0.5372549,0.5647059,0.5803922,0.5803922,0.54509807,0.56078434,0.4627451,0.21960784,0.07450981,0.03137255,0.019607844,0.023529412,0.047058824,0.18039216,0.3372549,0.5411765,0.65882355,0.5647059,0.43529412,0.3647059,0.36078432,0.38039216,0.40392157,0.54509807,0.47058824,0.43529412,0.3764706,0.40392157,0.60784316,0.7058824,0.67058825,0.5921569,0.60784316,0.64705884,0.96862745,0.8980392,0.69411767,0.4862745,0.37254903,0.34901962,0.43529412,0.5411765,0.4745098,0.54509807,0.6156863,0.5411765,0.4627451,0.44313726,0.45490196,0.47058824,0.4,0.44705883,0.5058824,0.5019608,0.49803922,0.57254905,0.7058824,0.7254902,0.6627451,0.6509804,0.6862745,0.7137255,0.99607843,1.0,0.99607843,0.98039216,0.9411765,0.8862745,0.78039217,0.65882355,0.5372549,0.57254905,0.58431375,0.52156866,0.5137255,0.5568628,0.5647059,0.5647059,0.5411765,0.5647059,0.5529412,0.5294118,0.4862745,0.4627451,0.4862745,0.50980395,0.52156866,0.5372549,0.5686275,0.6431373,0.92941177,0.9843137,0.99215686,0.972549,0.9019608,0.8509804,0.7490196,0.60784316,0.48235294,0.5137255,0.5764706,0.5254902,0.4627451,0.48235294,0.44705883,0.44705883,0.45490196,0.52156866,0.4862745,0.43137255,0.34509805,0.2901961,0.30588236,0.4,0.53333336,0.5137255,0.4627451,0.40784314,0.827451,0.8784314,0.92941177,0.9098039,0.827451,0.7764706,0.70980394,0.5686275,0.42745098,0.4392157,0.4745098,0.39607844,0.28235295,0.24705882,0.29411766,0.28235295,0.2627451,0.36078432,0.45490196,0.44313726,0.3137255,0.24313726,0.32156864,0.49019608,0.61960787,0.47058824,0.34509805,0.32941177,0.7647059,0.76862746,0.84705883,0.8627451,0.84313726,0.7294118,0.5882353,0.43137255,0.30588236,0.26666668,0.26666668,0.22352941,0.16078432,0.18431373,0.23921569,0.21568628,0.19215687,0.33333334,0.4117647,0.3372549,0.22745098,0.22745098,0.30588236,0.3529412,0.33333334,0.30588236,0.32941177,0.3372549,0.7529412,0.7764706,0.78039217,0.7529412,0.7372549,0.65882355,0.5411765,0.34117648,0.16078432,0.12156863,0.11372549,0.09803922,0.09411765,0.1254902,0.14117648,0.15686275,0.1764706,0.3372549,0.3764706,0.23921569,0.18431373,0.15294118,0.19607843,0.24313726,0.24705882,0.24313726,0.3647059,0.46666667,0.6901961,0.7254902,0.7019608,0.6627451,0.627451,0.5568628,0.47058824,0.24705882,0.11764706,0.09019608,0.101960786,0.1254902,0.15294118,0.19607843,0.21568628,0.22745098,0.2509804,0.28235295,0.27450982,0.22745098,0.2,0.15294118,0.15686275,0.22352941,0.31764707,0.25490198,0.28627452,0.3882353,0.54509807,0.5294118,0.5411765,0.5529412,0.54509807,0.47058824,0.41960785,0.29803923,0.23529412,0.21568628,0.19607843,0.20392157,0.20784314,0.21568628,0.2509804,0.29803923,0.25490198,0.21960784,0.22745098,0.20392157,0.24313726,0.1882353,0.21176471,0.2901961,0.3372549,0.24705882,0.25490198,0.26666668,0.49019608,0.47843137,0.45490196,0.46666667,0.49803922,0.44705883,0.45882353,0.4117647,0.37254903,0.36862746,0.3019608,0.26666668,0.22352941,0.17254902,0.1882353,0.21568628,0.1882353,0.20784314,0.2,0.1882353,0.16078432,0.15686275,0.21960784,0.23137255,0.24313726,0.27450982,0.28627452,0.26666668,0.6156863,0.6039216,0.56078434,0.5529412,0.53333336,0.4627451,0.40392157,0.34509805,0.32941177,0.34117648,0.3254902,0.30588236,0.3254902,0.2784314,0.24313726,0.22745098,0.20392157,0.2509804,0.29803923,0.21960784,0.15686275,0.16862746,0.2627451,0.32941177,0.3137255,0.2784314,0.28235295,0.29803923,0.57254905,0.6156863,0.6,0.5254902,0.50980395,0.39607844,0.3137255,0.27450982,0.25490198,0.2784314,0.3019608,0.3254902,0.3764706,0.36862746,0.36862746,0.3372549,0.30588236,0.28627452,0.27058825,0.21568628,0.18431373,0.19607843,0.21960784,0.23921569,0.2627451,0.21568628,0.16862746,0.1882353,0.6,0.57254905,0.49803922,0.4392157,0.40784314,0.32941177,0.2627451,0.23921569,0.22352941,0.23529412,0.22352941,0.21176471,0.23137255,0.2627451,0.32156864,0.32941177,0.32941177,0.37254903,0.3764706,0.31764707,0.2627451,0.24313726,0.21960784,0.23921569,0.2627451,0.2901961,0.3372549,0.36862746,0.61960787,0.6117647,0.5529412,0.5058824,0.45882353,0.3647059,0.29803923,0.2509804,0.20392157,0.15686275,0.14117648,0.11764706,0.12941177,0.14117648,0.16862746,0.19607843,0.24313726,0.29411766,0.30980393,0.30588236,0.23529412,0.23529412,0.25490198,0.30588236,0.36078432,0.37254903,0.3647059,0.36078432,0.49803922,0.4862745,0.47843137,0.45882353,0.42745098,0.34117648,0.2901961,0.27450982,0.23921569,0.20392157,0.14901961,0.105882354,0.09411765,0.09803922,0.101960786,0.12156863,0.14117648,0.18431373,0.21176471,0.22745098,0.19607843,0.2,0.20392157,0.25490198,0.30980393,0.32941177,0.32156864,0.28627452,0.40392157,0.40392157,0.3882353,0.35686275,0.3137255,0.25490198,0.21960784,0.19215687,0.15294118,0.13333334,0.101960786,0.08235294,0.07058824,0.08235294,0.08235294,0.09019608,0.101960786,0.16078432,0.21568628,0.20392157,0.17254902,0.20392157,0.24313726,0.3019608,0.33333334,0.34901962,0.31764707,0.28627452,0.34509805,0.3372549,0.30980393,0.27058825,0.23137255,0.17254902,0.12941177,0.105882354,0.09411765,0.078431375,0.06666667,0.05490196,0.05490196,0.05882353,0.05882353,0.06666667,0.07058824,0.1254902,0.21960784,0.19215687,0.16470589,0.2,0.23529412,0.27450982,0.3019608,0.29803923,0.25882354,0.21568628
1,0.64705884,0.6627451,0.654902,0.6901961,0.70980394,0.68235296,0.7058824,0.70980394,0.69803923,0.65882355,0.6901961,0.7058824,0.6901961,0.6901961,0.69411767,0.7019608,0.69411767,0.6745098,0.6627451,0.6745098,0.67058825,0.7019608,0.69803923,0.7058824,0.7058824,0.7019608,0.7607843,0.7411765,0.6117647,0.62352943,0.6509804,0.6509804,0.6313726,0.5764706,0.5803922,0.6117647,0.6156863,0.5372549,0.5176471,0.52156866,0.50980395,0.49411765,0.46666667,0.4745098,0.49803922,0.49803922,0.53333336,0.5529412,0.49019608,0.49019608,0.49803922,0.5529412,0.52156866,0.5176471,0.58431375,0.58431375,0.6901961,0.6,0.60784316,0.6627451,0.73333335,0.73333335,0.7647059,0.7294118,0.6666667,0.5803922,0.6117647,0.59607846,0.52156866,0.5411765,0.5176471,0.49803922,0.5137255,0.61960787,0.7019608,0.6862745,0.6392157,0.6627451,0.7019608,0.7137255,0.7058824,0.5921569,0.54509807,0.58431375,0.5921569,0.63529414,0.68235296,0.6627451,0.70980394,0.8235294,0.84705883,0.6862745,0.60784316,0.5254902,0.5019608,0.50980395,0.5137255,0.5254902,0.57254905,0.63529414,0.6666667,0.7294118,0.7921569,0.7254902,0.6862745,0.75686276,0.8235294,0.75686276,0.6862745,0.6313726,0.6431373,0.7372549,0.70980394,0.7137255,0.7019608,0.58431375,0.5294118,0.60784316,0.6392157,0.6666667,0.6392157,0.6509804,0.6039216,0.47843137,0.4509804,0.43529412,0.4862745,0.6039216,0.6431373,0.6745098,0.67058825,0.6745098,0.7372549,0.7647059,0.7137255,0.69803923,0.70980394,0.654902,0.627451,0.6666667,0.69803923,0.7490196,0.8039216,0.8235294,0.8117647,0.80784315,0.78431374,0.6862745,0.6,0.6039216,0.65882355,0.6392157,0.5686275,0.6039216,0.62352943,0.5882353,0.5137255,0.6039216,0.627451,0.63529414,0.6862745,0.627451,0.6156863,0.6392157,0.6039216,0.53333336,0.5137255,0.52156866,0.6862745,0.6627451,0.6117647,0.63529414,0.6666667,0.7490196,0.77254903,0.81960785,0.81960785,0.7882353,0.7882353,0.8,0.7647059,0.7882353,0.8235294,0.7058824,0.67058825,0.7921569,0.78431374,0.69803923,0.6862745,0.6392157,0.6431373,0.68235296,0.6313726,0.5686275,0.5568628,0.5803922,0.61960787,0.5176471,0.49019608,0.49019608,0.50980395,0.5372549,0.5411765,0.5882353,0.6431373,0.654902,0.6862745,0.7137255,0.73333335,0.6784314,0.63529414,0.5294118,0.5294118,0.74509805,0.84705883,0.8235294,0.7411765,0.7490196,0.8392157,0.8235294,0.7490196,0.6313726,0.62352943,0.6117647,0.56078434,0.45882353,0.44705883,0.4509804,0.46666667,0.4862745,0.4627451,0.5058824,0.53333336,0.5137255,0.5058824,0.5294118,0.62352943,0.5803922,0.5294118,0.45490196,0.50980395,0.56078434,0.67058825,0.7490196,0.85490197,0.87058824,0.8352941,0.7647059,0.69803923,0.65882355,0.654902,0.6509804,0.42745098,0.4509804,0.48235294,0.4627451,0.43529412,0.42745098,0.4117647,0.42352942,0.40392157,0.40784314,0.38431373,0.44313726,0.5176471,0.54509807,0.48235294,0.43137255,0.42352942,0.45490196,0.50980395,0.58431375,0.75686276,0.7921569,0.7058824,0.5686275,0.5254902,0.5019608,0.5254902,0.52156866,0.31764707,0.32941177,0.39607844,0.43137255,0.4627451,0.40784314,0.38431373,0.38039216,0.3647059,0.36862746,0.3372549,0.3764706,0.45882353,0.49411765,0.39607844,0.36862746,0.32156864,0.35686275,0.42745098,0.45882353,0.5529412,0.5803922,0.5529412,0.4862745,0.47843137,0.45882353,0.40784314,0.39607844,0.24313726,0.29411766,0.32941177,0.34901962,0.35686275,0.37254903,0.38039216,0.38039216,0.36862746,0.3372549,0.2901961,0.29411766,0.33333334,0.36862746,0.34117648,0.32156864,0.3019608,0.29803923,0.32941177,0.38431373,0.45882353,0.49019608,0.48235294,0.47843137,0.42745098,0.34901962,0.3137255,0.34509805,0.19607843,0.21176471,0.22352941,0.23921569,0.25882354,0.28235295,0.3372549,0.40392157,0.39215687,0.34117648,0.28627452,0.25882354,0.25882354,0.3019608,0.36078432,0.30980393,0.27058825,0.2627451,0.29411766,0.3254902,0.3764706,0.42745098,0.45490196,0.4509804,0.4,0.30588236,0.29411766,0.3019608,0.30588236,0.28627452,0.2901961,0.3137255,0.3372549,0.3764706,0.37254903,0.36078432,0.36078432,0.3372549,0.3019608,0.28627452,0.25490198,0.2509804,0.25882354,0.23137255,0.22745098,0.22745098,0.24705882,0.28235295,0.3372549,0.40784314,0.4392157,0.44313726,0.45490196,0.3529412,0.2784314,0.25490198,0.28627452,0.30980393,0.32941177,0.36862746,0.3882353,0.43529412,0.45490196,0.39215687,0.32156864,0.3019608,0.28627452,0.25882354,0.21960784,0.21568628,0.2,0.16862746,0.16470589,0.17254902,0.2,0.24313726,0.3019608,0.3647059,0.3647059,0.32941177,0.32941177,0.36078432,0.28235295,0.22745098,0.24313726,0.23921569,0.20784314,0.20784314,0.26666668,0.27450982,0.27058825,0.25882354,0.22745098,0.2509804,0.27058825,0.23921569,0.19607843,0.18039216,0.14117648,0.13333334,0.12156863,0.13725491,0.16078432,0.19607843,0.2627451,0.34117648,0.36862746,0.28235295,0.25490198,0.29803923,0.30588236,0.24313726,0.1882353,0.1882353,0.18039216,0.2509804,0.28627452,0.25882354,0.22352941,0.18431373,0.1764706,0.22745098,0.21568628,0.18431373,0.16470589,0.14509805,0.11372549,0.105882354,0.09019608,0.101960786,0.1254902,0.15686275,0.21176471,0.26666668,0.27058825,0.23137255,0.21176471,0.19607843,0.27058825,0.27058825,0.32941177,0.34117648,0.29411766,0.3137255,0.34509805,0.34117648,0.29803923,0.24313726,0.20392157,0.19215687,0.14901961,0.14509805,0.14509805,0.11764706,0.105882354,0.09411765,0.08627451,0.08235294,0.09803922,0.13333334,0.16862746,0.18431373,0.20784314,0.1882353,0.16470589,0.14901961,0.20392157,0.3019608,0.3254902,0.34901962,0.31764707,0.32941177,0.36078432,0.37254903,0.34117648,0.2784314,0.23921569,0.1882353,0.12156863,0.105882354,0.101960786,0.08235294,0.078431375,0.07058824,0.06666667,0.07450981,0.09411765,0.14901961,0.15686275,0.16078432,0.16862746,0.16078432,0.13725491,0.1254902,0.15294118,0.25882354,0.2627451,0.23921569,0.21960784,0.23137255,0.2784314,0.27058825,0.28235295,0.2627451,0.21568628,0.14509805,0.09803922,0.08235294,0.06666667,0.08235294,0.09803922,0.078431375,0.06666667,0.06666667,0.06666667,0.105882354,0.11372549,0.12156863,0.13333334,0.1254902,0.10980392,0.09803922,0.101960786,0.12941177,0.16862746,0.16078432,0.1764706,0.18431373,0.2,0.2,0.20784314,0.17254902,0.13333334,0.101960786,0.07450981,0.0627451,0.07058824,0.101960786,0.1254902,0.105882354,0.078431375,0.07058824,0.0627451,0.06666667,0.078431375,0.09019608,0.101960786,0.101960786,0.09411765,0.08627451,0.08627451,0.11372549,0.11764706,0.12156863,0.1764706,0.21960784,0.24313726,0.2901961,0.28235295,0.2,0.15686275,0.09019608,0.07058824,0.05882353,0.07450981,0.08235294,0.08627451,0.078431375,0.0627451,0.05882353,0.05882353,0.05882353,0.06666667,0.08235294,0.09411765,0.09803922,0.09019608,0.08627451,0.09019608,0.101960786,0.17254902,0.16862746,0.1764706,0.16470589,0.13725491,0.15294118,0.15294118,0.11764706,0.09019608,0.06666667,0.05490196,0.05490196,0.06666667,0.07450981,0.078431375,0.0627451,0.05490196,0.050980393,0.050980393,0.05490196,0.05882353,0.06666667,0.09019608,0.09411765,0.08235294,0.08627451,0.08627451,0.09019608,0.17254902,0.19607843,0.19607843,0.18431373,0.17254902,0.15294118,0.12941177,0.101960786,0.07450981,0.05490196,0.050980393,0.05882353,0.05882353,0.0627451,0.06666667,0.0627451,0.05882353,0.05490196,0.05882353,0.05882353,0.06666667,0.07450981,0.09019608,0.09019608,0.08235294,0.08627451,0.08627451,0.09411765,0.105882354,0.10980392,0.105882354,0.10980392,0.11372549,0.12156863,0.11764706,0.09019608,0.07058824,0.05490196,0.05490196,0.050980393,0.05882353,0.05490196,0.05882353,0.05490196,0.05490196,0.05882353,0.05882353,0.06666667,0.07058824,0.07058824,0.08627451,0.09019608,0.08235294,0.101960786,0.14117648,0.17254902,0.09803922,0.105882354,0.11372549,0.11372549,0.101960786,0.101960786,0.09803922,0.08627451,0.07058824,0.05882353,0.05490196,0.050980393,0.050980393,0.050980393,0.050980393,0.05490196,0.05490196,0.05490196,0.05882353,0.06666667,0.06666667,0.07450981,0.078431375,0.09411765,0.101960786,0.1254902,0.16470589,0.1882353,0.105882354,0.11372549,0.10980392,0.10980392,0.105882354,0.10980392,0.11372549,0.09803922,0.07450981,0.07058824,0.06666667,0.0627451,0.05882353,0.050980393,0.05490196,0.05490196,0.05882353,0.05882353,0.0627451,0.0627451,0.0627451,0.06666667,0.07058824,0.08235294,0.101960786,0.101960786,0.1254902,0.13725491,0.09803922,0.09019608,0.08627451,0.09411765,0.08627451,0.08627451,0.08627451,0.08627451,0.07058824,0.06666667,0.0627451,0.06666667,0.06666667,0.05490196,0.050980393,0.050980393,0.050980393,0.05490196,0.05882353,0.05882353,0.0627451,0.06666667,0.06666667,0.07058824,0.078431375,0.08235294,0.09803922,0.105882354
1,0.5882353,0.5764706,0.5529412,0.57254905,0.5882353,0.5921569,0.6117647,0.5882353,0.5764706,0.56078434,0.57254905,0.5568628,0.5921569,0.60784316,0.63529414,0.6156863,0.6039216,0.6156863,0.6039216,0.5882353,0.6156863,0.6039216,0.5921569,0.6039216,0.6313726,0.64705884,0.6666667,0.6431373,0.34901962,0.37254903,0.4117647,0.5058824,0.54509807,0.49411765,0.4392157,0.42745098,0.42352942,0.4509804,0.4509804,0.41960785,0.42745098,0.42745098,0.4392157,0.44705883,0.44705883,0.45882353,0.44705883,0.45490196,0.48235294,0.41960785,0.40784314,0.40784314,0.4,0.4,0.36862746,0.36862746,0.22352941,0.21568628,0.27450982,0.3137255,0.3529412,0.38431373,0.4392157,0.4627451,0.3764706,0.3019608,0.2901961,0.29803923,0.30588236,0.28235295,0.25490198,0.2901961,0.37254903,0.41960785,0.39607844,0.32941177,0.3019608,0.34509805,0.29803923,0.2901961,0.3019608,0.29411766,0.31764707,0.38039216,0.20784314,0.25490198,0.2784314,0.28627452,0.2627451,0.27058825,0.3137255,0.39607844,0.4509804,0.3529412,0.30588236,0.30588236,0.30980393,0.3529412,0.41960785,0.37254903,0.32156864,0.28627452,0.33333334,0.22745098,0.23137255,0.30980393,0.2627451,0.24705882,0.27450982,0.39607844,0.43137255,0.42745098,0.27450982,0.39607844,0.44705883,0.44705883,0.33333334,0.31764707,0.2901961,0.32941177,0.43137255,0.5058824,0.5019608,0.42745098,0.43529412,0.46666667,0.53333336,0.45490196,0.3019608,0.29803923,0.29411766,0.19607843,0.18039216,0.23921569,0.2901961,0.28235295,0.3529412,0.34901962,0.3529412,0.46666667,0.28627452,0.3372549,0.3882353,0.48235294,0.5372549,0.58431375,0.47843137,0.3372549,0.2901961,0.3529412,0.42745098,0.36078432,0.3647059,0.3882353,0.4509804,0.47843137,0.44313726,0.42745098,0.39215687,0.35686275,0.29803923,0.2627451,0.38039216,0.45882353,0.38431373,0.31764707,0.43529412,0.4392157,0.3019608,0.40392157,0.43137255,0.45490196,0.45882353,0.44705883,0.46666667,0.44705883,0.39215687,0.3882353,0.3764706,0.37254903,0.35686275,0.34117648,0.3764706,0.4117647,0.4509804,0.5372549,0.5254902,0.50980395,0.4509804,0.49803922,0.61960787,0.5411765,0.44313726,0.46666667,0.52156866,0.4862745,0.34509805,0.41960785,0.4509804,0.4745098,0.44313726,0.43529412,0.43529412,0.4117647,0.39607844,0.38431373,0.32941177,0.30588236,0.28627452,0.2627451,0.3019608,0.3764706,0.40392157,0.4627451,0.46666667,0.37254903,0.32941177,0.32941177,0.47058824,0.5882353,0.5803922,0.6,0.54509807,0.4627451,0.4862745,0.5058824,0.44705883,0.42352942,0.3882353,0.3372549,0.3647059,0.39215687,0.39607844,0.43137255,0.41568628,0.32156864,0.3019608,0.28235295,0.27450982,0.25490198,0.24313726,0.27450982,0.29411766,0.29803923,0.29803923,0.29411766,0.3529412,0.3882353,0.3647059,0.34509805,0.3254902,0.29411766,0.4,0.41960785,0.3882353,0.3764706,0.38039216,0.3529412,0.33333334,0.36078432,0.45882353,0.5254902,0.49411765,0.52156866,0.5254902,0.44313726,0.40392157,0.3647059,0.30980393,0.31764707,0.34509805,0.3254902,0.32941177,0.29803923,0.29803923,0.3647059,0.39215687,0.2901961,0.21176471,0.19607843,0.2509804,0.26666668,0.29803923,0.34509805,0.3882353,0.41960785,0.43529412,0.42745098,0.41960785,0.4509804,0.4862745,0.5647059,0.59607846,0.46666667,0.3647059,0.2901961,0.2901961,0.36862746,0.4392157,0.37254903,0.38431373,0.32156864,0.23137255,0.23529412,0.24705882,0.20784314,0.16862746,0.18039216,0.35686275,0.3372549,0.36078432,0.43529412,0.5254902,0.5137255,0.47843137,0.44313726,0.40784314,0.3882353,0.3882353,0.40784314,0.4117647,0.35686275,0.25882354,0.21960784,0.23921569,0.27058825,0.34117648,0.41960785,0.40392157,0.2784314,0.23921569,0.24705882,0.2784314,0.31764707,0.28235295,0.30588236,0.44705883,0.4745098,0.44313726,0.4392157,0.4862745,0.45490196,0.3764706,0.34509805,0.32941177,0.37254903,0.29803923,0.22745098,0.21960784,0.2,0.19215687,0.23529412,0.2784314,0.31764707,0.39607844,0.31764707,0.22352941,0.21960784,0.24313726,0.2784314,0.30588236,0.30980393,0.2784314,0.2509804,0.43137255,0.4627451,0.41960785,0.37254903,0.41960785,0.4627451,0.42352942,0.36862746,0.3254902,0.30980393,0.37254903,0.24705882,0.2509804,0.25490198,0.28235295,0.39215687,0.4745098,0.4117647,0.30588236,0.22745098,0.21176471,0.20784314,0.21568628,0.24313726,0.2509804,0.2509804,0.25490198,0.23529412,0.42352942,0.41960785,0.47058824,0.4627451,0.45490196,0.43529412,0.41568628,0.3529412,0.2784314,0.26666668,0.27058825,0.24313726,0.30588236,0.37254903,0.3764706,0.32156864,0.29411766,0.23529412,0.19607843,0.17254902,0.16862746,0.16078432,0.16470589,0.16470589,0.16470589,0.18431373,0.20392157,0.2,0.32941177,0.3372549,0.32941177,0.32941177,0.3372549,0.29803923,0.26666668,0.26666668,0.27450982,0.3254902,0.32156864,0.28235295,0.23137255,0.2,0.16862746,0.16078432,0.16470589,0.14509805,0.13725491,0.13725491,0.12941177,0.13333334,0.14117648,0.16078432,0.2,0.21568628,0.2,0.17254902,0.33333334,0.39607844,0.43529412,0.44313726,0.41568628,0.34117648,0.37254903,0.40392157,0.3764706,0.34117648,0.25490198,0.16862746,0.14509805,0.16862746,0.18039216,0.16078432,0.16862746,0.16862746,0.15294118,0.13725491,0.13725491,0.12156863,0.1254902,0.15294118,0.15294118,0.18039216,0.16862746,0.18039216,0.26666668,0.34901962,0.38431373,0.4,0.42352942,0.39215687,0.36862746,0.33333334,0.2901961,0.22352941,0.15294118,0.1254902,0.11372549,0.1254902,0.14901961,0.15686275,0.17254902,0.16078432,0.15686275,0.15294118,0.17254902,0.14117648,0.14117648,0.1764706,0.18039216,0.18431373,0.1764706,0.19607843,0.21568628,0.2901961,0.3019608,0.30980393,0.3137255,0.34117648,0.3764706,0.36078432,0.30588236,0.23921569,0.1882353,0.14901961,0.14509805,0.17254902,0.19215687,0.16862746,0.11764706,0.10980392,0.12156863,0.13333334,0.15294118,0.14509805,0.12941177,0.13725491,0.14901961,0.16078432,0.17254902,0.21960784,0.18039216,0.21568628,0.24313726,0.24705882,0.23921569,0.23137255,0.24705882,0.2627451,0.1882353,0.18039216,0.20392157,0.20392157,0.24705882,0.2784314,0.24705882,0.15686275,0.10980392,0.1254902,0.14901961,0.13725491,0.1254902,0.11372549,0.10980392,0.12156863,0.13333334,0.14117648,0.14117648,0.14901961,0.14901961,0.16470589,0.17254902,0.16470589,0.16078432,0.15686275,0.19215687,0.23921569,0.21176471,0.21176471,0.21568628,0.2,0.20784314,0.20784314,0.1882353,0.14901961,0.13725491,0.12156863,0.10980392,0.11764706,0.10980392,0.09411765,0.09803922,0.12941177,0.14901961,0.13725491,0.14117648,0.16078432,0.12156863,0.12941177,0.13725491,0.13333334,0.12941177,0.13333334,0.17254902,0.2,0.21960784,0.22745098,0.20392157,0.21568628,0.23529412,0.21176471,0.17254902,0.14117648,0.14117648,0.12156863,0.101960786,0.09803922,0.08235294,0.08627451,0.09803922,0.11764706,0.12941177,0.12156863,0.12156863,0.12156863,0.10980392,0.11764706,0.105882354,0.10980392,0.11764706,0.11764706,0.12941177,0.14509805,0.14509805,0.13333334,0.14117648,0.15294118,0.19215687,0.19215687,0.16078432,0.14117648,0.1254902,0.11764706,0.10980392,0.11764706,0.10980392,0.10980392,0.105882354,0.10980392,0.12156863,0.11372549,0.10980392,0.11372549,0.105882354,0.101960786,0.09803922,0.09411765,0.09803922,0.09411765,0.09803922,0.10980392,0.11372549,0.1254902,0.15686275,0.17254902,0.17254902,0.17254902,0.1764706,0.16078432,0.15686275,0.15686275,0.16078432,0.16470589,0.14901961,0.14509805,0.12156863,0.11764706,0.12941177,0.1254902,0.12156863,0.10980392,0.09803922,0.09411765,0.09019608,0.08627451,0.09019608,0.09411765,0.09803922,0.105882354,0.1254902,0.13725491,0.15294118,0.1764706,0.20392157,0.22352941,0.23921569,0.22352941,0.19215687,0.17254902,0.16078432,0.14901961,0.13333334,0.1254902,0.105882354,0.10980392,0.12156863,0.11372549,0.11372549,0.11372549,0.09803922,0.09411765,0.09019608,0.08627451,0.08627451,0.08627451,0.09019608,0.105882354,0.11764706,0.11372549,0.12156863,0.12156863,0.12941177,0.14509805,0.15686275,0.14901961,0.13333334,0.12156863,0.10980392,0.09803922,0.09411765,0.09411765,0.08235294,0.078431375,0.09019608,0.09411765,0.09411765,0.09411765,0.09019608,0.09019608,0.08627451,0.08235294,0.078431375,0.08235294,0.08627451,0.09411765,0.09411765,0.09411765,0.09411765,0.09803922,0.09803922,0.105882354,0.101960786,0.09803922,0.09803922,0.09019608,0.08627451,0.07450981,0.07450981,0.06666667,0.0627451,0.0627451,0.07450981,0.078431375,0.08627451,0.08235294,0.08627451,0.08627451,0.08235294,0.08235294,0.07450981,0.078431375,0.08627451,0.09411765,0.08627451,0.07450981,0.08235294,0.078431375,0.08627451,0.09019608,0.09019608,0.07450981,0.07450981,0.07058824,0.06666667,0.05882353,0.05882353,0.05882353,0.0627451,0.05882353,0.07058824,0.07450981,0.07450981,0.07450981
